
Reg. N§  NUMMES NUMHC CODPART        IGV         VALPART CODCAD CODFTE TIPDOC
*----------------------------------------------------------------------------
   1075  04     0066  210101020101               3300.00 0001   09     PLA   
   1104  04     0075  210101020101               2140.00 0001   09     PLA   
   1017  04     0031  210101020102                375.00 0001   09     MEM   
   1019  04     0031  210101020102                420.00 0001   09     MEM   
    975  04     0002  210101020103                450.00 0001   09     INF   
   1276  04     0172  2101100101                  520.00 0001   09     MEM   
   1292  04     0185  2101100101                  520.00 0001   09     MEM   
   1358  04     0231  2101100101                  520.00 0001   09     MEM   
   1277  04     0173  2101100102                  400.00 0001   09     MEM   
   1278  04     0174  2101100102                  400.00 0001   09     MEM   
   1279  04     0175  2101100102                  400.00 0001   09     MEM   
   1280  04     0176  2101100102                  400.00 0001   09     MEM   
   1293  04     0186  2101100102                  400.00 0001   09     MEM   
   1294  04     0187  2101100102                  400.00 0001   09     MEM   
   1295  04     0188  2101100102                  400.00 0001   09     MEM   
   1296  04     0189  2101100102                  400.00 0001   09     MEM   
   1347  04     0187  2101100102                  400.00 0001   09     H/M   
   1359  04     0232  2101100102                  400.00 0001   09     MEM   
   1360  04     0233  2101100102                  400.00 0001   09     MEM   
   1361  04     0234  2101100102                  400.00 0001   09     MEM   
   1362  04     0235  2101100102                  400.00 0001   09     MEM   
   1072  04     0064  2301030101     S            276.66 0001   09     O/C   
   1326  04     0210  2301030101     S            134.00 0001   09     O/C   
   1327  04     0210  2301030103     S            125.78 0001   09     O/C   
   1060  04     0056  2301050102     S            863.97 0001   09     O/C   
   1303  04     0194  2301050102     S            839.56 0001   09     O/C   
   1136  04     0100  2301050301     S             73.50 0001   09     O/C   
   1016  04     0030  2301060199     S            189.00 0001   09     O/C   
   1357  04     0230  230201020201                494.00 0001   09     PLA   
   1281  04     0177  2302020201     S            210.21 0001   09     O/S   
   1284  04     0178  2302020201     S             47.94 0001   09     O/S   
   1147  04     0106  2302020202     S              5.97 0001   09     O/S   
   1207  04     0153  2302020403     S           1500.00 0001   09     O/S   
   1317  04     0201  2302070202     N           1500.00 0001   09     O/S   
    998  04     0016  2302070299     S           1500.00 0001   09     O/S   
   1311  04     0197  2302071199     N           1533.33 0001   09     O/S   
   1169  04     0115  2302080101     N            700.00 0001   09     O/S   
   1187  04     0133  2302080101     N            600.00 0001   09     O/S   
   1304  04     0194  2301050102     S            103.71 0002   09     O/C   
   1210  04     0156  2302070202     N           1200.00 0002   09     O/S   
   1249  04     0166  2101010102                 1299.81 0003   09     PLA   
   1076  04     0066  210101020101              15291.66 0003   09     PLA   
   1018  04     0031  210101020102               2145.00 0003   09     MEM   
    976  04     0002  210101020103               3450.00 0003   09     INF   
   1252  04     0167  210301010101                111.94 0003   09     PLA   
   1029  04     0037  2301010101                  426.30 0003   09     RNF   
   1071  04     0063  2301010101     S            342.00 0003   09     O/C   
   1260  04     0169  2301010101                  281.10 0003   09     RNF   
   1261  04     0169  2301030101                   18.80 0003   09     RNF   
   1073  04     0064  2301030103     S            576.32 0003   09     O/C   
   1328  04     0210  2301030103     S            140.00 0003   09     O/C   
   1030  04     0037  2301050102                  186.70 0003   09     RNF   
   1061  04     0056  2301050102     S           4230.81 0003   09     O/C   
   1262  04     0169  2301050102                   67.50 0003   09     RNF   
   1305  04     0194  2301050102     S           2243.72 0003   09     O/C   
   1137  04     0100  2301050301     S            702.10 0003   09     O/C   
   1031  04     0037  2301050401                    5.00 0003   09     RNF   
   1263  04     0169  2301050401                   65.00 0003   09     RNF   
   1342  04     0220  2301059999     S            120.00 0003   09     O/C   
   1032  04     0037  2301060101                    5.00 0003   09     RNF   
   1033  04     0037  2301060199                   40.00 0003   09     RNF   
   1059  04     0055  2301060199     N            140.00 0003   09     O/S   
   1034  04     0037  2301110101                   50.00 0003   09     RNF   
   1264  04     0169  2301110102                   15.00 0003   09     RNF   
   1035  04     0037  230199019999                153.00 0003   09     RNF   
   1265  04     0169  230199019999                 76.80 0003   09     RNF   
   1366  04     0239  230201020103                180.00 0003   09     PLA   
   1356  04     0229  230201020203                432.00 0003   09     PLA   
   1367  04     0239  230201020203                200.00 0003   09     PLA   
   1036  04     0037  2302010299                  272.50 0003   09     RNF   
   1042  04     0039  2302010299                 1050.00 0003   09     H/T   
   1266  04     0169  2302010299                  468.00 0003   09     RNF   
   1126  04     0092  2302020101     S           1562.90 0003   09     O/S   
   1140  04     0102  2302020102     S            653.50 0003   09     O/S   
   1282  04     0177  2302020201     S            248.32 0003   09     O/S   
   1163  04     0110  2302020202     S            344.95 0003   09     O/S   
   1333  04     0215  2302020202     S             50.01 0003   09     O/S   
   1164  04     0110  2302020203     S            439.99 0003   09     O/S   
   1125  04     0091  2302020301     S            336.91 0003   09     O/S   
   1037  04     0037  2302020404                   66.00 0003   09     RNF   
   1267  04     0169  2302020404                  210.00 0003   09     RNF   
   1268  04     0169  2302040103                  132.00 0003   09     RNF   
   1324  04     0208  2302040104     N            220.00 0003   09     O/S   
   1269  04     0169  2302040105                  105.00 0003   09     RNF   
   1005  04     0021  2302040199     N            140.00 0003   09     O/S   
   1007  04     0023  2302040199     N            220.00 0003   09     O/S   
   1038  04     0037  2302060102                  114.00 0003   09     RNF   
   1270  04     0169  2302060102                   20.00 0003   09     RNF   
   1783  04     0244  2302060201                  216.00 0003   09     INF   
   1792  04     0252  2302060201                    7.00 0003   09     N/C   
   1111  04     0082  2302070202     N            500.00 0003   09     O/S   
   1291  04     0184  2302070202     N           1500.00 0003   09     O/S   
   1370  04     0242  2302070202     N           1000.00 0003   09     O/S   
   1218  04     0163  2302070301     N            140.00 0003   09     O/S   
   1275  04     0171  2302070301     S            285.60 0003   09     O/S   
   1045  04     0041  2302070502                 2623.00 0003   09     INF   
   1271  04     0169  2302071101                   35.00 0003   09     RNF   
   1012  04     0026  2302071199                  700.00 0003   09     MEM   
   1039  04     0037  2302071199                  145.00 0003   09     RNF   
   1058  04     0054  2302071199     N            170.00 0003   09     O/S   
   1272  04     0169  2302071199                   70.00 0003   09     RNF   
   1166  04     0112  2302080101     N            825.00 0003   09     O/S   
   1168  04     0114  2302080101     N            800.00 0003   09     O/S   
   1179  04     0125  2302080101     N            700.00 0003   09     O/S   
   1188  04     0134  2302080101     N            800.00 0003   09     O/S   
   1193  04     0139  2302080101     N           1400.00 0003   09     O/S   
   1204  04     0150  2302080101     N           1000.00 0003   09     O/S   
   1205  04     0151  2302080101     N           1700.00 0003   09     O/S   
   1079  04     0067  210101020101               2250.00 0004   09     PLA   
   1020  04     0032  210101020102                150.00 0004   09     MEM   
    979  04     0003  210101020103                450.00 0004   09     INF   
   1068  04     0060  2301050102     S            549.30 0004   09     O/C   
   1313  04     0198  2301050102     S            267.14 0004   09     O/C   
   1283  04     0177  2302020201     S             90.23 0004   09     O/S   
   1174  04     0120  2302080101     N            800.00 0004   09     O/S   
   1197  04     0143  2302080101     N            550.00 0004   09     O/S   
    986  04     0008  2502010199                  250.00 0004   09     MEM   
    987  04     0009  2502010199                  500.00 0004   09     MEM   
    988  04     0010  2502010199                  250.00 0004   09     MEM   
    989  04     0011  2502010199                  250.00 0004   09     MEM   
    991  04     0012  2502010199                  250.00 0004   09     MEM   
    992  04     0013  2502010199                  300.00 0004   09     MEM   
   1044  04     0040  2502010199                  250.00 0004   09     MEM   
   1345  04     0222  2502010199                 1200.00 0004   09     MEM   
    997  04     0015  2503010199     S            127.50 0004   09     O/C   
    999  04     0017  2503010199     S           2137.19 0004   09     O/C   
   1000  04     0018  2503010199     S            271.64 0004   09     O/C   
   1001  04     0019  2503010199                  180.00 0004   09     MEM   
   1004  04     0020  2503010199                  227.90 0004   09     MEM   
   1011  04     0025  2503010199                  500.00 0004   09     MEM   
   1014  04     0028  2503010199                  200.00 0004   09     RPD   
   1015  04     0029  2503010199                  300.00 0004   09     RPD   
   1040  04     0037  2503010199                  259.77 0004   09     RNF   
   1046  04     0042  2503010199                  208.90 0004   09     MEM   
   1047  04     0043  2503010199                  300.00 0004   09     MEM   
   1048  04     0044  2503010199                  300.00 0004   09     MEM   
   1049  04     0045  2503010199                  250.00 0004   09     MEM   
   1050  04     0046  2503010199                  750.00 0004   09     MEM   
   1051  04     0047  2503010199                  260.00 0004   09     MEM   
   1052  04     0048  2503010199                  180.00 0004   09     MEM   
   1053  04     0049  2503010199                  250.00 0004   09     MEM   
   1054  04     0050  2503010199                  750.00 0004   09     MEM   
   1087  04     0072  2503010199     S            125.04 0004   09     O/C   
   1105  04     0076  2503010199                  400.00 0004   09     MEM   
   1106  04     0077  2503010199                  180.00 0004   09     MEM   
   1107  04     0078  2503010199                  300.00 0004   09     MEM   
   1108  04     0079  2503010199                  200.00 0004   09     MEM   
   1109  04     0080  2503010199                  205.43 0004   09     MEM   
   1208  04     0154  2503010199     S            342.00 0004   09     MEM   
   1209  04     0155  2503010199                  180.00 0004   09     MEM   
   1216  04     0162  2503010199                  300.00 0004   09     INF   
   1273  04     0169  2503010199                  316.80 0004   09     RNF   
   1297  04     0190  2503010199                  180.00 0004   09     MEM   
   1298  04     0191  2503010199                  300.00 0004   09     MEM   
   1308  04     0195  2503010199                 4060.50 0004   09     RD    
   1316  04     0200  2503010199     S           1000.00 0004   09     O/C   
   1338  04     0217  2503010199                  257.80 0004   09     MEM   
   1340  04     0218  2503010199                  150.00 0004   09     MEM   
   1341  04     0219  2503010199                  179.40 0004   09     MEM   
   1346  04     0223  2503010199                  180.00 0004   09     MEM   
   1349  04     0225  2503010199                 1480.75 0004   09     RD    
   1082  04     0068  210101020101               3260.00 0005   09     PLA   
   1022  04     0033  210101020102                660.00 0005   09     MEM   
    981  04     0004  210101020103                900.00 0005   09     INF   
   1065  04     0059  2301050102     S            389.69 0005   09     O/C   
   1314  04     0199  2301050102     S            433.70 0005   09     O/C   
   1143  04     0104  2301050301     S            706.00 0005   09     O/C   
   1165  04     0111  2301080199     S            261.00 0005   09     O/C   
   1364  04     0237  2301080201     S            297.00 0005   09     O/C   
   1288  04     0182  2302020201     S             75.97 0005   09     O/S   
   1114  04     0085  2302020404     S            150.00 0005   09     O/S   
   1008  04     0023  2302040199     N            170.00 0005   09     O/S   
   1788  04     0249  2302060201                  272.75 0005   09     N/C   
   1319  04     0203  2302071199     N            230.00 0005   09     O/S   
   1167  04     0113  2302080101     N            600.00 0005   09     O/S   
   1175  04     0121  2302080101     N            600.00 0005   09     O/S   
   1176  04     0122  2302080101     N            550.00 0005   09     O/S   
   1177  04     0123  2302080101     N            550.00 0005   09     O/S   
   1181  04     0127  2302080101     N            600.00 0005   09     O/S   
   1184  04     0130  2302080101     N            550.00 0005   09     O/S   
   1185  04     0131  2302080101     N            550.00 0005   09     O/S   
   1186  04     0132  2302080101     N            550.00 0005   09     O/S   
   1083  04     0068  210101020101               2850.00 0006   09     PLA   
   1023  04     0033  210101020102                120.00 0006   09     MEM   
    982  04     0004  210101020103                600.00 0006   09     INF   
   1066  04     0059  2301050102     S            632.79 0006   09     O/C   
   1315  04     0199  2301050102     S            413.06 0006   09     O/C   
   1144  04     0104  2301050301     S            772.00 0006   09     O/C   
   1043  04     0039  2302010299                  180.00 0006   09     H/T   
   1289  04     0182  2302020201     S            147.53 0006   09     O/S   
   1213  04     0159  2302020202     S             69.61 0006   09     O/S   
   1318  04     0202  2302040105     N           1100.00 0006   09     O/S   
   1006  04     0022  2302040199     N            240.00 0006   09     O/S   
   1013  04     0027  2302071199     N            350.00 0006   09     O/S   
   1056  04     0052  2302071199     N           1140.00 0006   09     O/S   
   1171  04     0117  2302080101     N            750.00 0006   09     O/S   
   1180  04     0126  2302080101     N            650.00 0006   09     O/S   
   1189  04     0135  2302080101     N            600.00 0006   09     O/S   
   1190  04     0136  2302080101     N            550.00 0006   09     O/S   
   1191  04     0137  2302080101     N            550.00 0006   09     O/S   
   1202  04     0148  2302080101     N            800.00 0006   09     O/S   
   1085  04     0070  210101020101                720.00 0007   09     PLA   
   1025  04     0034  210101020102                 60.00 0007   09     MEM   
    983  04     0005  210101020103                150.00 0007   09     INF   
   1067  04     0059  2301050102     S            266.32 0007   09     O/C   
   1302  04     0193  2301050102     S            242.17 0007   09     O/C   
   1145  04     0104  2301050301     S             11.60 0007   09     O/C   
   1214  04     0160  2301080201     S           1079.50 0007   09     O/C   
   1290  04     0183  2301080201     S          10975.50 0007   09     O/C   
   1320  04     0204  2301080201     S           3696.00 0007   09     O/C   
   1321  04     0205  2301080201     S           2480.00 0007   09     O/C   
   1322  04     0206  2301080201     S            841.00 0007   09     O/C   
   1323  04     0207  2301080201     S           7990.00 0007   09     O/C   
   1343  04     0221  2301080201     S           6691.92 0007   09     O/C   
   1782  04     0243  2302060201                  126.00 0007   09     INF   
   1194  04     0140  2302070202     N            600.00 0007   09     O/S   
   1183  04     0129  2302080101     N            600.00 0007   09     O/S   
   1206  04     0152  2302080101     N            550.00 0007   09     O/S   
   1787  04     0248  2302060201                   27.50 0008   09     N/C   
   1084  04     0069  210101020101                720.00 0009   09     PLA   
   1026  04     0035  210101020102                 60.00 0009   09     MEM   
    984  04     0006  210101020103                150.00 0009   09     INF   
    993  04     0014  2301010101     N           1790.60 0009   09     O/C   
   1070  04     0062  2301010101     N            420.60 0009   09     O/C   
   1100  04     0074  2301010101                  650.00 0009   09     INF   
   1112  04     0083  2301010101     N           1364.80 0009   09     O/C   
   1255  04     0168  2301010101                  594.50 0009   09     INF   
   1334  04     0216  2301010101                  870.90 0009   09     INF   
   1102  04     0074  2301030101                   44.00 0009   09     INF   
   1257  04     0168  2301030101                   87.50 0009   09     INF   
   1336  04     0216  2301030101                   44.00 0009   09     INF   
   1064  04     0058  2301050102     N            289.79 0009   09     O/C   
   1299  04     0192  2301050102     S            118.24 0009   09     O/C   
   1142  04     0103  2301050301     N            540.00 0009   09     O/C   
   1103  04     0074  2301070101                   40.90 0009   09     INF   
   1258  04     0168  2301070101                   32.20 0009   09     INF   
   1101  04     0074  2302010299                   21.00 0009   09     INF   
   1256  04     0168  2302010299                   24.00 0009   09     INF   
   1335  04     0216  2302010299                   27.00 0009   09     INF   
   1128  04     0093  2302020101     N            237.00 0009   09     O/S   
   1131  04     0096  2302020102     N            281.90 0009   09     O/S   
   1287  04     0181  2302020202     N             38.00 0009   09     O/S   
   1789  04     0250  2302060201                   71.75 0009   09     N/C   
   1110  04     0081  2302070299     N            800.00 0009   09     O/S   
   1192  04     0138  2302080101     N            770.00 0009   09     O/S   
   1196  04     0142  2302080101     N            600.00 0009   09     O/S   
   1198  04     0144  2302080101     N            600.00 0009   09     O/S   
   1199  04     0145  2302080101     N            600.00 0009   09     O/S   
   1200  04     0146  2302080101     N            600.00 0009   09     O/S   
   1250  04     0166  2101010102                  713.19 0011   09     PLA   
   1086  04     0071  210101020101               1840.00 0011   09     PLA   
   1027  04     0036  210101020102                180.00 0011   09     MEM   
    985  04     0007  210101020103                450.00 0011   09     INF   
   1253  04     0167  210301010101                 61.49 0011   09     PLA   
   1329  04     0211  2301030101     N             68.76 0011   09     O/C   
   1074  04     0065  2301030103     N            138.97 0011   09     O/C   
   1113  04     0084  2301030103     N            180.00 0011   09     O/C   
   1069  04     0061  2301050102     N            333.58 0011   09     O/C   
   1300  04     0192  2301050102     S            205.14 0011   09     O/C   
   1139  04     0101  2301050301     N            409.25 0011   09     O/C   
   1041  04     0038  2301050401                 1325.90 0011   09     H/T   
   1063  04     0057  2301050401     N            180.00 0011   09     O/C   
   1132  04     0097  2301050401     N            240.00 0011   09     O/C   
   1133  04     0097  230199019999   N           1100.00 0011   09     O/C   
   1285  04     0179  2302020201     N             62.13 0011   09     O/S   
   1212  04     0158  2302020202     N             64.90 0011   09     O/S   
   1331  04     0213  2302020401     N            500.00 0011   09     O/S   
   1124  04     0090  2302040103     S             25.00 0011   09     O/S   
   1009  04     0024  2302040199     N            520.00 0011   09     O/S   
   1786  04     0247  2302060201                  204.50 0011   09     N/C   
   1055  04     0051  2302071199     N            335.40 0011   09     O/S   
   1211  04     0157  2302071199     N             82.60 0011   09     O/S   
   1274  04     0170  2302071199                  726.00 0011   09     INF   
   1309  04     0196  2302071199     N            379.20 0011   09     O/S   
   1325  04     0209  2302071199     N            210.00 0011   09     O/S   
   1330  04     0212  2302071199     N            240.00 0011   09     O/S   
   1182  04     0128  2302080101     N            900.00 0011   09     O/S   
   1348  04     0224  2505020199                 1609.00 0011   09     RD    
   1365  04     0238  2603020904     N           8500.00 0011   09     O/C   
   1251  04     0166  2101010102                  680.97 0012   09     PLA   
   1077  04     0066  210101020101               6840.00 0012   09     PLA   
    977  04     0002  210101020103               2100.00 0012   09     INF   
   1254  04     0167  210301010101                 58.59 0012   09     PLA   
   1134  04     0098  2301050102     N            353.08 0012   09     O/C   
   1306  04     0194  2301050102     N            229.87 0012   09     O/C   
   1146  04     0105  2301050301     N            468.30 0012   09     O/C   
   1351  04     0226  230199019999   N            828.71 0012   09     O/C   
   1352  04     0227  230199019999   N            390.00 0012   09     O/C   
   1129  04     0094  2302020101     N            381.60 0012   09     O/S   
   1135  04     0099  2302020102     N           1989.60 0012   09     O/S   
   1286  04     0180  2302020201     S            121.87 0012   09     O/S   
   1148  04     0107  2302020202     S             55.98 0012   09     O/S   
   1784  04     0245  2302060201                  128.27 0012   09     N/C   
    974  04     0001  2302071199     N            530.00 0012   09     O/S   
   1057  04     0053  2302071199     N            550.00 0012   09     O/S   
   1121  04     0087  2302071199     N            240.00 0012   09     O/S   
   1122  04     0088  2302071199     N            240.00 0012   09     O/S   
   1123  04     0089  2302071199     N            240.00 0012   09     O/S   
   1363  04     0236  2302071199     N           1200.00 0012   09     O/S   
   1170  04     0116  2302080101     N            600.00 0012   09     O/S   
   1172  04     0118  2302080101     N            600.00 0012   09     O/S   
   1173  04     0119  2302080101     N            600.00 0012   09     O/S   
   1203  04     0149  2302080101     N            600.00 0012   09     O/S   
   1088  04     0073  2505020199                  606.00 0012   09     RD    
   1081  04     0067  210101020101                720.00 0013   09     PLA   
   1021  04     0032  210101020102                 30.00 0013   09     MEM   
    980  04     0003  210101020103                150.00 0013   09     INF   
   1301  04     0192  2301050102     S             72.98 0013   09     O/C   
   1353  04     0228  230201020203                432.00 0013   09     PLA   
   1332  04     0214  2302040104     N            474.00 0013   09     O/S   
   1785  04     0246  2302060201                   87.00 0013   09     N/C   
   1790  04     0251  2302060201                   14.23 0013   09     N/C   
   1078  04     0066  210101020101               1330.00 0014   09     PLA   
    978  04     0002  210101020103                300.00 0014   09     INF   
   1062  04     0056  2301050102     S            332.29 0014   09     O/C   
   1307  04     0194  2301050102     S            121.70 0014   09     O/C   
   1138  04     0100  2301050301     S            157.15 0014   09     O/C   
   1127  04     0092  2302020101     S            308.50 0014   09     O/S   
   1130  04     0095  2302020102     S            122.10 0014   09     O/S   
   1141  04     0102  2302020102     S            305.80 0014   09     O/S   
   1149  04     0108  2302020201     S             45.01 0014   09     O/S   
   1178  04     0124  2302080101     N            600.00 0014   09     O/S   
   1195  04     0141  2302080101     N            600.00 0014   09     O/S   
   1201  04     0147  2302080101     N            620.00 0014   09     O/S   
   1215  04     0161  2602039905     N           1000.00 0016   09     O/S   
   1368  04     0240  2602039905     N           4000.00 0016   09     O/S   
   1369  04     0241  2602039905     N           4000.00 0016   09     O/S   
   1221  04     0164  2101010102                 1415.63 0001   13     PLA   
   1228  04     0164  2101010102                  794.87 0001   13     PLA   
   1116  04     0086  210301010101                  2.85 0001   13     INF   
   1235  04     0165  210301010101                120.30 0001   13     PLA   
   1241  04     0165  210301010101                 69.20 0001   13     PLA   
   1222  04     0164  2101010102                12619.55 0003   13     PLA   
   1117  04     0086  210301010101                  9.98 0003   13     INF   
   1234  04     0165  210301010101               1072.76 0003   13     PLA   
   1223  04     0164  2101010102                 3027.97 0004   13     PLA   
   1236  04     0165  210301010101                256.77 0004   13     PLA   
   1224  04     0164  2101010102                 4786.21 0005   13     PLA   
   1118  04     0086  210301010101                  2.42 0005   13     INF   
   1237  04     0165  210301010101                402.03 0005   13     PLA   
   1225  04     0164  2101010102                 3847.98 0006   13     PLA   
   1119  04     0086  210301010101                  2.25 0006   13     INF   
   1238  04     0165  210301010101                328.76 0006   13     PLA   
   1226  04     0164  2101010102                  728.56 0007   13     PLA   
   1239  04     0165  210301010101                 62.42 0007   13     PLA   
   1227  04     0164  2101010102                  591.51 0009   13     PLA   
   1242  04     0165  210301010101                 49.64 0009   13     PLA   
   1152  04     0109  2201010101                11178.55 0010   13     PLA   
   1229  04     0164  2101010102                 1324.91 0011   13     PLA   
   1243  04     0165  210301010101                112.94 0011   13     PLA   
   1230  04     0164  2101010102                 8537.17 0012   13     PLA   
   1120  04     0086  210301010101                  6.00 0012   13     INF   
   1244  04     0165  210301010101                729.62 0012   13     PLA   
   1231  04     0164  2101010102                  275.16 0013   13     PLA   
   1233  04     0164  2101010102                  642.05 0013   13     PLA   
   1245  04     0165  210301010101                 23.95 0013   13     PLA   
   1247  04     0165  210301010101                 55.89 0013   13     PLA   
   1232  04     0164  2101010102                 1508.24 0014   13     PLA   
   1246  04     0165  210301010101                127.19 0014   13     PLA   
