
Reg. N§  NUMMES NUMHC CODPART        IGV         VALPART CODCAD CODFTE TIPDOC
*----------------------------------------------------------------------------
   1528  05     0110  210101020101               3620.00 0001   09     PLA   
   1490  05     0080  210101020102                375.00 0001   09     PLA   
   1604  05     0151  2101100101                  520.00 0001   09     MEM   
   1640  05     0183  2101100101                  520.00 0001   09     MEM   
   1720  05     0219  2101100101                  520.00 0001   09     MEM   
   1605  05     0152  2101100102                  400.00 0001   09     MEM   
   1606  05     0153  2101100102                  400.00 0001   09     MEM   
   1607  05     0154  2101100102                  400.00 0001   09     MEM   
   1641  05     0184  2101100102                  400.00 0001   09     MEM   
   1642  05     0185  2101100102                  400.00 0001   09     MEM   
   1643  05     0186  2101100102                  400.00 0001   09     MEM   
   1644  05     0187  2101100102                  400.00 0001   09     MEM   
   1721  05     0220  2101100102                  400.00 0001   09     MEM   
   1722  05     0221  2101100102                  400.00 0001   09     MEM   
   1723  05     0222  2101100102                  400.00 0001   09     MEM   
   1382  05     0003  2103010105                  117.00 0001   09     INF   
   1549  05     0123  2301030101     S            186.29 0001   09     O/C   
   1712  05     0214  2301030101     S            217.55 0001   09     O/C   
   1390  05     0006  2301070101     S            329.90 0001   09     O/C   
   1717  05     0216  230201020101   S            987.27 0001   09     O/S   
   1741  05     0216  230201020103   S            987.28 0001   09     O/S   
   1513  05     0096  230201020201                301.00 0001   09     PLA   
   1523  05     0105  230201020203                239.00 0001   09     PLA   
   1724  05     0223  2302020201     S            485.32 0001   09     O/S   
   1725  05     0223  2302020201     S            330.85 0001   09     O/S   
   1726  05     0223  2302020201     S            103.44 0001   09     O/S   
   1730  05     0226  2302020201     S             45.79 0001   09     O/S   
   1426  05     0020  2302020202     S            115.43 0001   09     O/S   
   1485  05     0075  2302020403     N           1500.00 0001   09     O/S   
   1446  05     0036  2302080101     N            700.00 0001   09     O/S   
   1464  05     0054  2302080101     N            600.00 0001   09     O/S   
   1486  05     0076  2302070202     N           2000.00 0002   09     O/S   
   1691  05     0197  2101010102     N           1414.44 0003   09     PLA   
   1529  05     0110  210101020101              17345.00 0003   09     PLA   
   1491  05     0080  210101020102               1755.00 0003   09     PLA   
   1694  05     0198  210301010101                121.90 0003   09     PLA   
   1374  05     0003  2103010105                  499.95 0003   09     INF   
   1384  05     0003  2103010105                  187.20 0003   09     INF   
   1401  05     0015  2301010101                  465.60 0003   09     RNF   
   1431  05     0024  2301010101     S            296.40 0003   09     O/C   
   1651  05     0190  2301010101                  287.60 0003   09     RNF   
   1628  05     0172  2301030101     S            228.50 0003   09     MEM   
   1402  05     0015  2301050101                  156.00 0003   09     RNF   
   1515  05     0098  2301050102     S            157.00 0003   09     O/C   
   1780  05     0249  2301050102     S            125.60 0003   09     O/C   
   1403  05     0015  2301059999                   47.00 0003   09     RNF   
   1404  05     0015  2301059999                   18.00 0003   09     RNF   
   1439  05     0032  2301059999     N            144.00 0003   09     O/C   
   1652  05     0190  2301059999                    5.00 0003   09     RNF   
   1405  05     0015  2301060199                   40.00 0003   09     RNF   
   1638  05     0181  2301060199     S             19.00 0003   09     O/C   
   1514  05     0097  2301070101     N            650.00 0003   09     O/C   
   1653  05     0190  2301070101                  187.50 0003   09     RNF   
   1702  05     0204  2301070101                 1240.00 0003   09     H/T   
   1738  05     0234  2301070101     N            600.00 0003   09     O/C   
   1749  05     0244  2301070101     S            760.00 0003   09     O/C   
   1754  05     0247  2301110104     S            641.00 0003   09     O/C   
   1406  05     0015  230199019999                 80.00 0003   09     RNF   
   1740  05     0236  230199019999   S            124.00 0003   09     O/C   
   1407  05     0015  230201020103                 28.00 0003   09     RNF   
   1559  05     0131  230201020103                 12.00 0003   09     PLA   
   1561  05     0132  230201020103                 12.00 0003   09     PLA   
   1563  05     0133  230201020103                 12.00 0003   09     PLA   
   1565  05     0134  230201020103                 12.00 0003   09     PLA   
   1567  05     0135  230201020103                 12.00 0003   09     PLA   
   1569  05     0136  230201020103                 12.00 0003   09     PLA   
   1571  05     0137  230201020103                 12.00 0003   09     PLA   
   1663  05     0192  230201020103                300.00 0003   09     INF   
   1560  05     0131  230201020203                 40.00 0003   09     PLA   
   1562  05     0132  230201020203                 40.00 0003   09     PLA   
   1564  05     0133  230201020203                 40.00 0003   09     PLA   
   1566  05     0134  230201020203                 40.00 0003   09     PLA   
   1568  05     0135  230201020203                 40.00 0003   09     PLA   
   1570  05     0136  230201020203                 40.00 0003   09     PLA   
   1572  05     0137  230201020203                 40.00 0003   09     PLA   
   1654  05     0190  230201020203                 35.00 0003   09     RNF   
   1664  05     0192  230201020203                720.00 0003   09     INF   
   1665  05     0193  230201020203                615.00 0003   09     INF   
   1666  05     0194  230201020203                731.00 0003   09     INF   
   1408  05     0015  2302010299                  240.00 0003   09     RNF   
   1436  05     0029  2302010299                 1330.00 0003   09     PLA   
   1629  05     0172  2302010299                   12.20 0003   09     MEM   
   1655  05     0190  2302010299                  581.50 0003   09     RNF   
   1556  05     0129  2302020101     N           1369.80 0003   09     O/S   
   1557  05     0129  2302020101     N            389.40 0003   09     O/S   
   1704  05     0206  2302020101     S            105.30 0003   09     O/S   
   1519  05     0102  2302020102     S            659.50 0003   09     O/S   
   1614  05     0161  2302020202     S            736.12 0003   09     O/S   
   1733  05     0229  2302020202     S             50.01 0003   09     O/S   
   1656  05     0190  2302020203                  110.00 0003   09     RNF   
   1521  05     0103  2302020301     S            187.97 0003   09     O/S   
   1409  05     0015  2302020401                  100.00 0003   09     RNF   
   1410  05     0015  2302020402                  110.00 0003   09     RNF   
   1411  05     0015  2302020404                   45.00 0003   09     RNF   
   1427  05     0021  2302020404     S            922.46 0003   09     O/S   
   1597  05     0146  2302020404     S            210.00 0003   09     O/S   
   1602  05     0150  2302020404     S           1987.50 0003   09     O/S   
   1603  05     0150  2302020404     S            200.00 0003   09     O/S   
   1657  05     0190  2302020404                  125.00 0003   09     RNF   
   1630  05     0173  2302040103     N            150.00 0003   09     O/S   
   1658  05     0190  2302040104                  127.50 0003   09     RNF   
   1711  05     0213  2302040104     N            400.00 0003   09     O/S   
   1748  05     0243  2302040104     N            470.00 0003   09     O/S   
   1412  05     0015  2302040105                   20.00 0003   09     RNF   
   1413  05     0015  2302040199                   25.00 0003   09     RNF   
   1710  05     0212  2302040199     N            314.50 0003   09     O/S   
   2202  05     0252  2302060201                  277.96 0003   09     N/C   
   2210  05     0259  2302060201                    7.00 0003   09     N/C   
   1488  05     0078  2302070202     N           1000.00 0003   09     O/S   
   1613  05     0160  2302070301     N            280.00 0003   09     O/S   
   1708  05     0210  2302070301     N           2000.00 0003   09     O/S   
   1414  05     0015  2302070302                   53.00 0003   09     RNF   
   1399  05     0014  2302070502                 2516.00 0003   09     H/T   
   1443  05     0033  2302071002                 2800.00 0003   09     INF   
   1415  05     0015  2302071199                   15.00 0003   09     RNF   
   1416  05     0015  2302071199                   66.00 0003   09     RNF   
   1522  05     0104  2302071199     N            267.00 0003   09     O/S   
   1610  05     0157  2302071199     N            240.00 0003   09     O/S   
   1637  05     0180  2302071199     N            300.00 0003   09     O/S   
   1659  05     0190  2302071199                  198.50 0003   09     RNF   
   1445  05     0035  2302080101     N            800.00 0003   09     O/S   
   1456  05     0046  2302080101     N            700.00 0003   09     O/S   
   1465  05     0055  2302080101     N            800.00 0003   09     O/S   
   1471  05     0061  2302080101     N           1400.00 0003   09     O/S   
   1481  05     0071  2302080101     N           1000.00 0003   09     O/S   
   1482  05     0072  2302080101     N           1700.00 0003   09     O/S   
   1489  05     0079  2302080101     N            825.00 0003   09     O/S   
   1417  05     0015  2502030199                  145.10 0003   09     RNF   
   1418  05     0015  2503010199                  104.00 0003   09     RNF   
   1533  05     0111  210101020101               2558.00 0004   09     PLA   
   1497  05     0081  210101020102                375.00 0004   09     PLA   
   1383  05     0003  2103010105                  121.50 0004   09     INF   
   1550  05     0123  2301030101     S            435.04 0004   09     O/C   
   1713  05     0214  2301030101     S            427.98 0004   09     O/C   
   1714  05     0214  2301030103     S             25.50 0004   09     O/C   
   1553  05     0126  2302071102     S            140.00 0004   09     O/S   
   1596  05     0145  2302071199     S            150.00 0004   09     O/S   
   1611  05     0158  2302071199     N           4200.00 0004   09     O/S   
   1451  05     0041  2302080101     N            800.00 0004   09     O/S   
   1474  05     0064  2302080101     N            550.00 0004   09     O/S   
   1391  05     0007  2502010199                 1200.00 0004   09     MEM   
   1392  05     0008  2502010199                  250.00 0004   09     MEM   
   1393  05     0009  2502010199                  250.00 0004   09     MEM   
   1394  05     0010  2502010199                  250.00 0004   09     MEM   
   1395  05     0011  2502010199                  250.00 0004   09     MEM   
   1396  05     0012  2502010199                  250.00 0004   09     MEM   
   1397  05     0013  2502010199                  500.00 0004   09     MEM   
   1540  05     0116  2502010199                  250.00 0004   09     MEM   
   1541  05     0117  2502010199                  231.00 0004   09     MEM   
   1573  05     0138  2502010199                  500.00 0004   09     MEM   
   1617  05     0164  2502010199                  250.00 0004   09     MEM   
   1700  05     0202  2502010199                  250.00 0004   09     MEM   
   1371  05     0001  2503010199                  260.00 0004   09     MEM   
   1372  05     0002  2503010199                  126.00 0004   09     MEM   
   1423  05     0017  2503010199                  200.00 0004   09     MEM   
   1505  05     0088  2503010199                  200.00 0004   09     MEM   
   1506  05     0089  2503010199                  186.00 0004   09     MEM   
   1507  05     0090  2503010199                  253.00 0004   09     MEM   
   1512  05     0095  2503010199                  112.00 0004   09     MEM   
   1525  05     0107  2503010199     S           1000.00 0004   09     O/C   
   1526  05     0108  2503010199     S            253.00 0004   09     MEM   
   1542  05     0118  2503010199     S           1000.00 0004   09     O/C   
   1545  05     0119  2503010199                  180.00 0004   09     MEM   
   1551  05     0124  2503010199     S            400.00 0004   09     O/C   
   1552  05     0125  2503010199     S            650.00 0004   09     O/C   
   1558  05     0130  2503010199                   90.00 0004   09     MEM   
   1608  05     0155  2503010199                  200.00 0004   09     MEM   
   1609  05     0156  2503010199     S           1368.74 0004   09     O/C   
   1622  05     0167  2503010199                  300.00 0004   09     MEM   
   1623  05     0168  2503010199                  300.00 0004   09     MEM   
   1645  05     0188  2503010199                  180.00 0004   09     MEM   
   1660  05     0190  2503010199                   49.00 0004   09     RNF   
   1661  05     0191  2503010199                  300.00 0004   09     MEM   
   1697  05     0199  2503010199                 4119.00 0004   09     RD    
   1701  05     0203  2503010199     S            150.02 0004   09     MEM   
   1705  05     0207  2503010199                  180.00 0004   09     MEM   
   1719  05     0218  2503010199                  180.00 0004   09     MEM   
   1732  05     0228  2503010199                 1000.00 0004   09     MEM   
   1744  05     0239  2503010199     N            270.00 0004   09     O/C   
   1747  05     0242  2503010199                  270.00 0004   09     MEM   
   1751  05     0245  2503010199                  306.00 0004   09     MEM   
   1753  05     0246  2503010199     S           1009.45 0004   09     O/C   
   1535  05     0112  210101020101               3050.00 0005   09     PLA   
   1498  05     0082  210101020102                360.00 0005   09     PLA   
   1378  05     0003  2103010105                  306.00 0005   09     INF   
   1616  05     0163  2301080201     S            405.00 0005   09     O/C   
   1639  05     0182  2301080201     S            750.00 0005   09     O/C   
   1736  05     0232  2301080201     S           1607.20 0005   09     O/C   
   1727  05     0224  2302020201     S             91.48 0005   09     O/S   
   1728  05     0224  2302020201     S            149.15 0005   09     O/S   
   1508  05     0091  2302020401     N            150.00 0005   09     O/S   
   1600  05     0149  2302020404     S           1993.00 0005   09     O/S   
   2207  05     0256  2302060201                  318.25 0005   09     N/C   
   1509  05     0092  2302071199     N            550.00 0005   09     O/S   
   1633  05     0176  2302071199     N            230.00 0005   09     O/S   
   1718  05     0217  2302071199     S            603.00 0005   09     H/T   
   1444  05     0034  2302080101     N            600.00 0005   09     O/S   
   1452  05     0042  2302080101     N            600.00 0005   09     O/S   
   1453  05     0043  2302080101     N            550.00 0005   09     O/S   
   1454  05     0044  2302080101     N            550.00 0005   09     O/S   
   1458  05     0048  2302080101     N            600.00 0005   09     O/S   
   1461  05     0051  2302080101     N            550.00 0005   09     O/S   
   1462  05     0052  2302080101     N            550.00 0005   09     O/S   
   1463  05     0053  2302080101     N            550.00 0005   09     O/S   
   1536  05     0112  210101020101               2960.00 0006   09     PLA   
   1499  05     0082  210101020102                145.00 0006   09     PLA   
   1385  05     0003  2103010105                  283.50 0006   09     INF   
   1739  05     0235  2301080201     S           1250.00 0006   09     O/C   
   1631  05     0174  2302020202     S             70.13 0006   09     O/S   
   1601  05     0149  2302020404     S            695.00 0006   09     O/S   
   2201  05     0251  2302060201                  109.50 0006   09     N/C   
   1484  05     0074  2302071199     N           1800.00 0006   09     O/S   
   1547  05     0121  2302071199     N            350.00 0006   09     O/S   
   1448  05     0038  2302080101     N            750.00 0006   09     O/S   
   1457  05     0047  2302080101     N            650.00 0006   09     O/S   
   1466  05     0056  2302080101     N            600.00 0006   09     O/S   
   1467  05     0057  2302080101     N            550.00 0006   09     O/S   
   1468  05     0058  2302080101     N            550.00 0006   09     O/S   
   1479  05     0069  2302080101     N            800.00 0006   09     O/S   
   1537  05     0113  210101020101                720.00 0007   09     PLA   
   1500  05     0083  210101020102                240.00 0007   09     PLA   
   1380  05     0003  2103010105                  153.00 0007   09     INF   
   1612  05     0159  2302020404     S            770.00 0007   09     O/S   
   1470  05     0060  2302070202     N            600.00 0007   09     O/S   
   1487  05     0077  2302071199     N            550.00 0007   09     O/S   
   1460  05     0050  2302080101     N            600.00 0007   09     O/S   
   1483  05     0073  2302080101     N            550.00 0007   09     O/S   
   2205  05     0255  2302060201                   27.50 0008   09     N/C   
   1538  05     0114  210101020101                720.00 0009   09     PLA   
   1501  05     0084  210101020102                 45.00 0009   09     PLA   
   1376  05     0003  2103010105                  285.30 0009   09     INF   
   1419  05     0016  2301010101                  580.60 0009   09     INF   
   1425  05     0019  2301010101     N            577.74 0009   09     O/C   
   1438  05     0031  2301010101     N           2941.70 0009   09     O/C   
   1574  05     0139  2301010101                  643.80 0009   09     INF   
   1646  05     0189  2301010101                  741.70 0009   09     INF   
   1779  05     0248  2301010101     N           1367.60 0009   09     O/C   
   1737  05     0233  2301020101     N            368.00 0009   09     O/C   
   1421  05     0016  2301030101                   54.00 0009   09     INF   
   1576  05     0139  2301030101                   55.00 0009   09     INF   
   1635  05     0178  2301030101     N           1050.00 0009   09     O/C   
   1648  05     0189  2301030101                   54.00 0009   09     INF   
   1703  05     0205  2301050302                  991.90 0009   09     H/T   
   1422  05     0016  2301070101                   49.70 0009   09     INF   
   1511  05     0094  2301070101     N            270.00 0009   09     O/S   
   1577  05     0139  2301070101                   53.50 0009   09     INF   
   1649  05     0189  2301070101                   23.90 0009   09     INF   
   1420  05     0016  2302010299                   28.00 0009   09     INF   
   1575  05     0139  2302010299                   32.00 0009   09     INF   
   1647  05     0189  2302010299                   33.00 0009   09     INF   
   1554  05     0127  2302020101     N            500.60 0009   09     O/S   
   1517  05     0100  2302020102     N            281.90 0009   09     O/S   
   1636  05     0179  2302020202     N             37.99 0009   09     O/S   
   1598  05     0147  2302020404     N            333.00 0009   09     O/S   
   2208  05     0257  2302060201                   64.00 0009   09     N/C   
   1734  05     0230  2302071199     N            550.00 0009   09     O/S   
   1781  05     0250  2302071199     N            201.63 0009   09     O/S   
   1469  05     0059  2302080101     N            770.00 0009   09     O/S   
   1473  05     0063  2302080101     N            600.00 0009   09     O/S   
   1475  05     0065  2302080101     N            600.00 0009   09     O/S   
   1476  05     0066  2302080101     N            600.00 0009   09     O/S   
   1477  05     0067  2302080101     N            600.00 0009   09     O/S   
   1692  05     0197  2101010102                  713.19 0011   09     PLA   
   1539  05     0115  210101020101               1840.00 0011   09     PLA   
   1502  05     0085  210101020102                195.00 0011   09     PLA   
   1695  05     0198  210301010101                 61.49 0011   09     PLA   
   1381  05     0003  2103010105                   81.00 0011   09     INF   
   1548  05     0122  2301030101     N             55.73 0011   09     O/C   
   1715  05     0215  2301030101     N            274.80 0011   09     O/C   
   1716  05     0215  2301030103     N             25.50 0011   09     O/C   
   1582  05     0140  2301070101                  258.00 0011   09     INF   
   1586  05     0140  2301070101                   30.00 0011   09     INF   
   1435  05     0028  2301990101     N            202.10 0011   09     O/C   
   1429  05     0023  230199019902   N           9090.00 0011   09     O/C   
   1588  05     0141  230199019902               2727.00 0011   09     O/C   
   1578  05     0140  230201020103                136.50 0011   09     INF   
   1581  05     0140  230201020103                100.00 0011   09     INF   
   1584  05     0140  230201020103                 35.00 0011   09     INF   
   1585  05     0140  230201020103                466.00 0011   09     INF   
   1731  05     0227  2302020201     N             62.63 0011   09     O/S   
   1632  05     0175  2302020202     N             64.90 0011   09     O/S   
   1579  05     0140  2302020402     S            325.00 0011   09     INF   
   1580  05     0140  2302020402     S             65.00 0011   09     INF   
   1587  05     0140  2302020404                   33.20 0011   09     INF   
   1599  05     0148  2302020404     N            830.00 0011   09     O/S   
   1743  05     0238  2302040104     N            210.00 0011   09     O/S   
   2211  05     0260  2302060201                  143.75 0011   09     N/C   
   1424  05     0018  2302071199     N            290.20 0011   09     O/S   
   1546  05     0120  2302071199     N             84.20 0011   09     O/S   
   1709  05     0211  2302071199     N            368.40 0011   09     O/S   
   1745  05     0240  2302071199     N            120.00 0011   09     O/S   
   1746  05     0241  2302071199     N             90.00 0011   09     O/S   
   1459  05     0049  2302080101     N            900.00 0011   09     O/S   
   1693  05     0197  2101010102                  680.97 0012   09     PLA   
   1530  05     0110  210101020101               6840.00 0012   09     PLA   
   1495  05     0080  210101020102                405.00 0012   09     PLA   
   1696  05     0198  210301010101                 58.59 0012   09     PLA   
   1375  05     0003  2103010105                  216.00 0012   09     INF   
   1430  05     0022  2301059999     N            195.00 0012   09     O/C   
   1510  05     0093  2301110101     N            200.00 0012   09     O/S   
   1555  05     0128  2302020101     N            357.30 0012   09     O/S   
   1518  05     0101  2302020102     N           1989.60 0012   09     O/S   
   1729  05     0225  2302020201     N            124.75 0012   09     O/S   
   1621  05     0166  2302020202     N             70.48 0012   09     O/S   
   2203  05     0253  2302060201                  225.21 0012   09     N/C   
   1387  05     0004  2302071102     N            140.00 0012   09     O/S   
   1447  05     0037  2302080101     N            600.00 0012   09     O/S   
   1449  05     0039  2302080101     N            600.00 0012   09     O/S   
   1450  05     0040  2302080101     N            600.00 0012   09     O/S   
   1480  05     0070  2302080101     N            600.00 0012   09     O/S   
   1389  05     0005  2505020199                  525.20 0012   09     RD    
   1524  05     0106  2505020199                  606.00 0012   09     RPD   
   1698  05     0200  2505020199                  303.00 0012   09     RD    
   1699  05     0201  2505020199                  282.80 0012   09     RD    
   1534  05     0111  210101020101                720.00 0013   09     PLA   
   2204  05     0254  2302060201                  217.50 0013   09     N/C   
   2209  05     0258  2302060201                   14.23 0013   09     N/C   
   1531  05     0110  210101020101               1090.00 0014   09     PLA   
   1379  05     0003  2103010105                  163.80 0014   09     INF   
   1520  05     0102  2302020102     S            305.80 0014   09     O/S   
   1589  05     0142  2302020102     S            122.10 0014   09     O/S   
   1590  05     0143  2302020102     S            565.30 0014   09     O/S   
   1615  05     0162  2302020201     S             45.00 0014   09     O/S   
   1735  05     0231  2302040199     N            100.00 0014   09     O/S   
   1455  05     0045  2302080101     N            600.00 0014   09     O/S   
   1472  05     0062  2302080101     N            600.00 0014   09     O/S   
   1478  05     0068  2302080101     N            620.00 0014   09     O/S   
   1527  05     0109  2504030201                 6233.60 0014   09     H/T   
   1624  05     0169  2602039903                11522.59 0016   09     PLA   
   1625  05     0170  2602039903                  874.00 0016   09     PLA   
   1432  05     0025  2602039904     N          11858.00 0016   09     O/C   
   1433  05     0026  2602039904     N           8468.10 0016   09     O/C   
   1434  05     0027  2602039904     N          20750.00 0016   09     O/C   
   1516  05     0099  2602039904     N            590.66 0016   09     O/C   
   1626  05     0171  2602039904                  300.00 0016   09     INF   
   1634  05     0177  2602039904     N          13150.00 0016   09     O/C   
   1706  05     0208  2602039904     N           2152.95 0016   09     O/C   
   1707  05     0209  2602039904     N            515.00 0016   09     O/C   
   1437  05     0030  2602039905     N           1320.00 0016   09     O/S   
   1627  05     0171  2602039905     S            389.25 0016   09     INF   
   1667  05     0195  2101010102                 1293.29 0001   13     PLA   
   1674  05     0195  2101010102                  917.21 0001   13     PLA   
   1619  05     0144  210301010101                  2.85 0001   13     PLA   
   1679  05     0196  210301010101                109.65 0001   13     PLA   
   1686  05     0196  210301010101                 79.85 0001   13     PLA   
   1668  05     0195  2101010102                12323.83 0003   13     PLA   
   1591  05     0144  210301010101                  9.98 0003   13     PLA   
   1680  05     0196  210301010101               1047.95 0003   13     PLA   
   1669  05     0195  2101010102                 3027.97 0004   13     PLA   
   1681  05     0196  210301010101                256.77 0004   13     PLA   
   1670  05     0195  2101010102                 4786.21 0005   13     PLA   
   1592  05     0144  210301010101                  2.42 0005   13     PLA   
   1682  05     0196  210301010101                402.03 0005   13     PLA   
   1671  05     0195  2101010102                 3847.98 0006   13     PLA   
   1593  05     0144  210301010101                  2.25 0006   13     PLA   
   1683  05     0196  210301010101                328.76 0006   13     PLA   
   1672  05     0195  2101010102                  728.56 0007   13     PLA   
   1684  05     0196  210301010101                 62.42 0007   13     PLA   
   1673  05     0195  2101010102                  591.51 0009   13     PLA   
   1685  05     0196  210301010101                 49.64 0009   13     PLA   
   1620  05     0165  2201010101                11898.55 0010   13     PLA   
   1675  05     0195  2101010102                 1324.91 0011   13     PLA   
   1687  05     0196  210301010101                112.94 0011   13     PLA   
   1676  05     0195  2101010102                 8537.15 0012   13     PLA   
   1594  05     0144  210301010101                  6.00 0012   13     PLA   
   1688  05     0196  210301010101                729.62 0012   13     PLA   
   1503  05     0086  2101010102                  445.53 0013   13     RD    
   1678  05     0195  2101010102                  917.21 0013   13     PLA   
   1595  05     0144  210301010101                 25.55 0013   13     PLA   
   1689  05     0196  210301010101                 79.85 0013   13     PLA   
   1677  05     0195  2101010102                 1508.24 0014   13     PLA   
   1690  05     0196  210301010101                127.19 0014   13     PLA   
