
Reg. N§  NUMMES NUMREF TIPDOC CODCTA          TIPCTA             MTODEB             MTOHAB NUMCP
   1965  02     0137   O/S    910109000000000 D                  201.97               0.00      
   1966  02     0137   O/S    910209000000000 H                    0.00             201.97      
   2312  02     0137   OSC    910209000000000 D                  201.97               0.00 0244 
   2313  02     0137   OSC    910109000000000 H                    0.00             201.97 0244 
   2314  02     0244   CHG    910308000000000 D                  201.97               0.00      
   2315  02     0244   CHG    910408000000000 H                    0.00             201.97      
   3251  02     0008   H/A    910408000000000 D                  201.97               0.00      
   3252  02     0008   H/A    910308000000000 H                    0.00             201.97      
   3873  03     0137   OSC    910209000000000 D                  201.97               0.00 0449 
   3874  03     0137   OSC    910109000000000 H                    0.00             201.97 0449 
   3875  03     0449   CHG    910308000000000 D                  201.97               0.00      
   3876  03     0449   CHG    910408000000000 H                    0.00             201.97      
   7888  02     0244   CHE    910408000000000 D                  201.97               0.00      
   7889  02     0244   CHE    910308000000000 H                    0.00             201.97      
   8290  03     0449   CHE    910408000000000 D                  201.97               0.00      
   8291  03     0449   CHE    910308000000000 H                    0.00             201.97      
