
Reg. N§  NUMMES NUMHC CODPART        IGV         VALPART CODCAD CODFTE TIPDOC
*----------------------------------------------------------------------------
   1920  06     0089  210101020101               3620.00 0001   09     MEM   
   1846  06     0051  210101020102                300.00 0001   09     MEM   
   1768  06     0012  210101020103                600.00 0001   09     MEM   
   1902  06     0081  2101100101                  520.00 0001   09     MEM   
   2131  06     0231  2101100101                  520.00 0001   09     MEM   
   2164  06     0253  2101100101                  520.00 0001   09     MEM   
   1898  06     0078  2101100102                  400.00 0001   09     MEM   
   1900  06     0079  2101100102                  400.00 0001   09     MEM   
   1901  06     0080  2101100102                  400.00 0001   09     MEM   
   1912  06     0085  2101100102                  400.00 0001   09     MEM   
   2132  06     0232  2101100102                  400.00 0001   09     MEM   
   2133  06     0233  2101100102                  400.00 0001   09     MEM   
   2134  06     0234  2101100102                  400.00 0001   09     MEM   
   2135  06     0235  2101100102                  400.00 0001   09     MEM   
   2165  06     0254  2101100102                  400.00 0001   09     MEM   
   2166  06     0255  2101100102                  400.00 0001   09     MEM   
   2167  06     0256  2101100102                  400.00 0001   09     MEM   
   2085  06     0201  2102010101     S            302.00 0001   09     O/C   
   2088  06     0202  2102010101     S            169.00 0001   09     O/C   
   2091  06     0203  2102010101     S            238.00 0001   09     O/C   
   2230  06     0201  2102010101                   88.00 0001   09     H/M   
   1876  06     0066  2103010105                  117.00 0001   09     INF   
   2160  06     0251  2103010105                  117.00 0001   09     H/T   
   2002  06     0158  2301030101     S            412.20 0001   09     O/C   
   2176  06     0263  2301030101     S            446.55 0001   09     O/C   
   1998  06     0156  230201020101   S            787.12 0001   09     O/S   
   1999  06     0156  230201020101   S            787.12 0001   09     O/S   
   1909  06     0084  230201020103                300.00 0001   09     MEM   
   1906  06     0083  230201020201                731.00 0001   09     MEM   
   2079  06     0196  230201020201                250.00 0001   09     H/T   
   1905  06     0082  230201020203                615.00 0001   09     MEM   
   1908  06     0084  230201020203                389.00 0001   09     MEM   
   2171  06     0258  230201020203                540.00 0001   09     H/T   
   2114  06     0220  2302020201     S             47.21 0001   09     O/S   
   2116  06     0222  2302020201     S            183.73 0001   09     O/S   
   2117  06     0222  2302020201     S            441.73 0001   09     O/S   
   2118  06     0222  2302020201     S             75.45 0001   09     O/S   
   1985  06     0147  2302020401     N            150.00 0001   09     O/S   
   1945  06     0107  2302020403     N           1500.00 0001   09     O/S   
   1895  06     0076  2302020404     S            120.00 0001   09     O/S   
   1978  06     0140  2302080101     N            600.00 0001   09     O/S   
   1981  06     0143  2302080101     N            700.00 0001   09     O/S   
   1947  06     0109  2302070202     N           2000.00 0002   09     O/S   
   2075  06     0194  2101010102                  859.43 0003   09     PLA   
   2076  06     0194  2101010102                  555.01 0003   09     PLA   
   1921  06     0089  210101020101              16777.00 0003   09     MEM   
   1847  06     0051  210101020102               1545.00 0003   09     MEM   
   1769  06     0012  210101020103               4600.00 0003   09     MEM   
   2086  06     0201  2102010101     S           1963.00 0003   09     O/C   
   2089  06     0202  2102010101     S           1352.00 0003   09     O/C   
   2092  06     0203  2102010101     S           1904.00 0003   09     O/C   
   2229  06     0201  2102010101                  572.00 0003   09     H/M   
   1883  06     0069  210301010101                 37.50 0003   09     H/T   
   2077  06     0195  210301010101                121.90 0003   09     PLA   
   1868  06     0066  2103010105                  499.95 0003   09     INF   
   1878  06     0066  2103010105                  187.20 0003   09     INF   
   2152  06     0251  2103010105                  499.95 0003   09     H/T   
   2162  06     0251  2103010105                  187.20 0003   09     H/T   
   1809  06     0032  2301010101                  367.30 0003   09     RNF   
   1935  06     0098  2301010101     S            233.70 0003   09     O/C   
   2039  06     0191  2301010101                  445.20 0003   09     RNF   
   2187  06     0269  2301010101                  165.80 0003   09     RNF   
   2177  06     0263  2301030101     S            448.36 0003   09     O/C   
   2188  06     0269  2301030101                   50.00 0003   09     RNF   
   2174  06     0261  2301030103     S            102.50 0003   09     O/C   
   2178  06     0263  2301030103     S             68.50 0003   09     O/C   
   1810  06     0032  2301050102                   12.50 0003   09     RNF   
   2040  06     0191  2301050102                  135.50 0003   09     RNF   
   2172  06     0259  2301050102     N            140.00 0003   09     O/C   
   2189  06     0269  2301050102                   46.11 0003   09     RNF   
   1811  06     0032  2301050401                   27.00 0003   09     RNF   
   1896  06     0077  2301050401     S            864.90 0003   09     O/C   
   2190  06     0269  2301050401                    2.00 0003   09     RNF   
   2213  06     0272  2301050401     S            146.90 0003   09     O/C   
   1812  06     0032  2301059999                    6.00 0003   09     RNF   
   2191  06     0269  2301059999                   39.90 0003   09     RNF   
   2041  06     0191  2301060101                   92.00 0003   09     RNF   
   1813  06     0032  2301070101                   17.50 0003   09     RNF   
   1814  06     0032  2301070101                  162.00 0003   09     RNF   
   1824  06     0035  2301070101     N            150.00 0003   09     O/C   
   1832  06     0043  2301070101     S            530.00 0003   09     O/C   
   1892  06     0073  2301070101     N            545.00 0003   09     O/C   
   1986  06     0100  2301070101     S           2150.00 0003   09     O/C   
   2042  06     0191  2301070101                   79.30 0003   09     RNF   
   2192  06     0269  2301070101                  272.00 0003   09     RNF   
   2193  06     0269  2301070101                  118.20 0003   09     RNF   
   1815  06     0032  230199019999                 78.90 0003   09     RNF   
   2120  06     0224  230199019999   S            120.00 0003   09     O/C   
   1838  06     0047  230201020103                200.00 0003   09     H/T   
   1840  06     0048  230201020103                200.00 0003   09     H/T   
   1839  06     0047  230201020203                667.00 0003   09     H/T   
   1841  06     0048  230201020203                569.00 0003   09     H/T   
   1867  06     0065  230201020203                360.00 0003   09     H/T   
   2080  06     0197  230201020203                210.00 0003   09     H/T   
   2081  06     0198  230201020203                360.00 0003   09     H/T   
   1816  06     0032  2302010299                  386.00 0003   09     RNF   
   1836  06     0045  2302010299                 1890.00 0003   09     PLA   
   2043  06     0191  2302010299                  353.00 0003   09     RNF   
   2194  06     0269  2302010299                  698.00 0003   09     RNF   
   1938  06     0101  2302020101     S            720.00 0003   09     O/S   
   2000  06     0157  2302020101     S           1154.80 0003   09     O/S   
   2001  06     0157  2302020101     S            307.70 0003   09     O/S   
   2195  06     0269  2302020101                    0.80 0003   09     RNF   
   2022  06     0175  2302020202     S            744.54 0003   09     O/S   
   2149  06     0248  2302020202     S             50.01 0003   09     O/S   
   2005  06     0159  2302020301     S            404.89 0003   09     O/S   
   1817  06     0032  2302020401                   50.00 0003   09     RNF   
   2196  06     0269  2302020401                  100.00 0003   09     RNF   
   1828  06     0039  2302020404     S            569.81 0003   09     O/S   
   1860  06     0061  2302020404     N            417.00 0003   09     O/S   
   1818  06     0032  2302040101                   55.00 0003   09     RNF   
   2044  06     0191  2302040101                   90.00 0003   09     RNF   
   2197  06     0269  2302040101                   50.00 0003   09     RNF   
   1990  06     0151  2302040103     S             25.00 0003   09     O/S   
   1794  06     0019  2302040104     N            170.00 0003   09     O/S   
   1819  06     0032  2302040104                   24.00 0003   09     RNF   
   2045  06     0191  2302040104                   72.00 0003   09     RNF   
   2119  06     0223  2302040199     S            273.00 0003   09     O/S   
   2046  06     0191  2302060102                   20.00 0003   09     RNF   
   1764  06     0008  2302070202     N           1500.00 0003   09     O/S   
   2021  06     0174  2302070202     N           1500.00 0003   09     O/S   
   2148  06     0247  2302070202     N           1000.00 0003   09     O/S   
   2151  06     0250  2302070202     N            800.00 0003   09     O/S   
   1837  06     0046  2302070301     S            778.00 0003   09     O/S   
   1893  06     0074  2302070301     N            420.00 0003   09     O/S   
   1916  06     0087  2302070301     S           1620.00 0003   09     O/S   
   1856  06     0057  2302070502                 2373.00 0003   09     INF   
   1793  06     0018  2302071199     N           1500.00 0003   09     O/S   
   1820  06     0032  2302071199                  236.70 0003   09     RNF   
   2146  06     0245  2302071199     N            800.00 0003   09     O/S   
   2198  06     0269  2302071199                  209.40 0003   09     RNF   
   2219  06     0277  2302071199     N            184.80 0003   09     O/S   
   1946  06     0108  2302080101     N            825.00 0003   09     O/S   
   1949  06     0111  2302080101     N            800.00 0003   09     O/S   
   1956  06     0118  2302080101     N           1400.00 0003   09     O/S   
   1963  06     0125  2302080101     N           1700.00 0003   09     O/S   
   1964  06     0126  2302080101     N           1000.00 0003   09     O/S   
   1971  06     0133  2302080101     N            700.00 0003   09     O/S   
   1982  06     0144  2302080101     N            800.00 0003   09     O/S   
   2144  06     0243  2302080101     N            650.00 0003   09     O/S   
   2047  06     0191  2502030199                  114.50 0003   09     RNF   
   1937  06     0100  2603020302     S          22450.00 0003   09     O/C   
   1924  06     0090  210101020101               2460.00 0004   09     MEM   
   1848  06     0052  210101020102                585.00 0004   09     MEM   
   1772  06     0013  210101020103                600.00 0004   09     MEM   
   2095  06     0205  2102010101     S            338.00 0004   09     O/C   
   2101  06     0210  2102010101     S            238.00 0004   09     O/C   
   2108  06     0215  2102010101     S            453.00 0004   09     O/C   
   2232  06     0215  2102010101                  132.00 0004   09     H/M   
   1877  06     0066  2103010105                  121.50 0004   09     INF   
   2161  06     0251  2103010105                  121.50 0004   09     H/T   
   1863  06     0064  2301010101                  761.50 0004   09     H/T   
   1991  06     0152  2301010101                  734.70 0004   09     INF   
   1865  06     0064  2301030101                   54.00 0004   09     H/T   
   1993  06     0152  2301030101                   88.50 0004   09     INF   
   2003  06     0158  2301030101     S            652.16 0004   09     O/C   
   2004  06     0158  2301030103     S             83.10 0004   09     O/C   
   1866  06     0064  2301070101                   24.20 0004   09     H/T   
   1994  06     0152  2301070101                   36.20 0004   09     INF   
   1864  06     0064  2302010299                   43.00 0004   09     H/T   
   1992  06     0152  2302010299                   35.00 0004   09     INF   
   1962  06     0124  2302080101     N            550.00 0004   09     O/S   
   1966  06     0128  2302080101     N            800.00 0004   09     O/S   
   1758  06     0002  2503010199                  300.00 0004   09     MEM   
   1759  06     0003  2503010199                  200.00 0004   09     MEM   
   1766  06     0010  2503010199                    0.00 0004   09     MEM   
   1767  06     0011  2503010199                  200.00 0004   09     MEM   
   1797  06     0021  2503010199                  200.00 0004   09     RPD   
   1798  06     0022  2503010199                  250.00 0004   09     RPD   
   1802  06     0026  2503010199                  180.00 0004   09     MEM   
   1803  06     0027  2503010199                  260.00 0004   09     MEM   
   1806  06     0030  2503010199                  188.00 0004   09     MEM   
   1807  06     0031  2503010199                  188.00 0004   09     MEM   
   1821  06     0032  2503010199                  278.00 0004   09     RNF   
   1822  06     0033  2503010199                  175.00 0004   09     H/T   
   1825  06     0036  2503010199     N            270.00 0004   09     O/C   
   1844  06     0049  2503010199                  240.00 0004   09     MEM   
   1845  06     0050  2503010199                  188.00 0004   09     MEM   
   1857  06     0058  2503010199                  188.00 0004   09     MEM   
   1858  06     0059  2503010199                  188.00 0004   09     MEM   
   1881  06     0067  2503010199                  188.00 0004   09     MEM   
   1882  06     0068  2503010199                  260.00 0004   09     MEM   
   1886  06     0049  2503010199                  240.00 0004   09     H/M   
   1889  06     0070  2503010199                  240.00 0004   09     MEM   
   1890  06     0071  2503010199                 1000.00 0004   09     MEM   
   1915  06     0086  2503010199                  300.00 0004   09     MEM   
   1918  06     0088  2503010199                  188.00 0004   09     MEM   
   1984  06     0146  2503010199     S           2149.14 0004   09     O/C   
   1987  06     0148  2503010199                  180.00 0004   09     MEM   
   1995  06     0153  2503010199     N            217.50 0004   09     O/C   
   2016  06     0169  2503010199                  188.00 0004   09     MEM   
   2017  06     0170  2503010199                  375.00 0004   09     MEM   
   2027  06     0180  2503010199                  190.00 0004   09     MEM   
   2028  06     0181  2503010199                  188.00 0004   09     MEM   
   2029  06     0182  2503010199                  260.00 0004   09     MEM   
   2037  06     0190  2503010199                  190.00 0004   09     MEM   
   2048  06     0191  2503010199                  126.90 0004   09     RNF   
   2121  06     0225  2503010199                   85.00 0004   09     H/T   
   2122  06     0226  2503010199                  300.00 0004   09     MEM   
   2130  06     0230  2503010199                  188.00 0004   09     MEM   
   2141  06     0240  2503010199                  260.00 0004   09     MEM   
   2142  06     0241  2503010199                  443.22 0004   09     MEM   
   2143  06     0242  2503010199                  188.00 0004   09     MEM   
   2163  06     0252  2503010199                  400.00 0004   09     MEM   
   2182  06     0266  2503010199                  310.00 0004   09     MEM   
   2199  06     0269  2503010199                  100.00 0004   09     RNF   
   2200  06     0270  2503010199                  188.00 0004   09     MEM   
   1926  06     0091  210101020101               3064.00 0005   09     MEM   
   1849  06     0052  210101020102                315.00 0005   09     MEM   
   1774  06     0014  210101020103               1000.00 0005   09     MEM   
   2096  06     0206  2102010101     S            338.00 0005   09     O/C   
   2103  06     0211  2102010101     S            476.00 0005   09     O/C   
   2109  06     0216  2102010101     S            604.00 0005   09     O/C   
   2225  06     0216  2102010101                  176.00 0005   09     H/M   
   1884  06     0069  210301010101                  4.67 0005   09     H/T   
   1872  06     0066  2103010105                  306.00 0005   09     INF   
   2156  06     0251  2103010105                  306.00 0005   09     H/T   
   2083  06     0200  2301020101     S            123.00 0005   09     O/C   
   1831  06     0042  2301080201     S            594.00 0005   09     O/C   
   2215  06     0273  230201020103                 30.00 0005   09     H/T   
   2214  06     0273  230201020203                360.00 0005   09     H/T   
   2123  06     0227  2302020201     S             86.05 0005   09     O/S   
   2124  06     0227  2302020201     S            148.67 0005   09     O/S   
   1760  06     0004  2302071199     N            550.00 0005   09     O/S   
   2019  06     0172  2302071199     N            230.00 0005   09     O/S   
   2030  06     0183  2302071199     N            500.00 0005   09     O/S   
   2216  06     0274  2302071199     S            501.00 0005   09     H/T   
   1967  06     0129  2302080101     N            600.00 0005   09     O/S   
   1968  06     0130  2302080101     N            550.00 0005   09     O/S   
   1969  06     0131  2302080101     N            550.00 0005   09     O/S   
   1972  06     0134  2302080101     N            600.00 0005   09     O/S   
   1975  06     0137  2302080101     N            550.00 0005   09     O/S   
   1976  06     0138  2302080101     N            550.00 0005   09     O/S   
   1977  06     0139  2302080101     N            550.00 0005   09     O/S   
   1983  06     0145  2302080101     N            600.00 0005   09     O/S   
   1927  06     0091  210101020101               2960.00 0006   09     MEM   
   1851  06     0053  210101020102                195.00 0006   09     MEM   
   1775  06     0014  210101020103               1200.00 0006   09     MEM   
   2097  06     0206  2102010101     S            169.00 0006   09     O/C   
   2104  06     0211  2102010101     S            238.00 0006   09     O/C   
   2110  06     0216  2102010101     S            755.00 0006   09     O/C   
   2226  06     0216  2102010101                  220.00 0006   09     H/M   
   1871  06     0066  2103010105                  283.50 0006   09     INF   
   2155  06     0251  2103010105                  283.50 0006   09     H/T   
   2084  06     0200  2301020101     S            369.00 0006   09     O/C   
   1796  06     0020  2302040104     N            580.00 0006   09     O/S   
   1894  06     0075  2302071199     N            350.00 0006   09     O/S   
   1936  06     0099  2302071199     N           1800.00 0006   09     O/S   
   1943  06     0105  2302080101     N            800.00 0006   09     O/S   
   1950  06     0112  2302080101     N            600.00 0006   09     O/S   
   1951  06     0113  2302080101     N            550.00 0006   09     O/S   
   1953  06     0115  2302080101     N            550.00 0006   09     O/S   
   1980  06     0142  2302080101     N            750.00 0006   09     O/S   
   1928  06     0092  210101020101                720.00 0007   09     MEM   
   1852  06     0054  210101020102                165.00 0007   09     MEM   
   1776  06     0015  210101020103                200.00 0007   09     MEM   
   2111  06     0217  2102010101     S            151.00 0007   09     O/C   
   2227  06     0217  2102010101                   44.00 0007   09     H/M   
   1874  06     0066  2103010105                  153.00 0007   09     INF   
   2158  06     0251  2103010105                  153.00 0007   09     H/T   
   1957  06     0119  2302070202     N            600.00 0007   09     O/S   
   1944  06     0106  2302080101     N            550.00 0007   09     O/S   
   1974  06     0136  2302080101     N            600.00 0007   09     O/S   
   1929  06     0093  210101020101                510.00 0009   09     MEM   
   1777  06     0016  210101020103                200.00 0009   09     MEM   
   2098  06     0207  2102010101     N            169.00 0009   09     O/C   
   2105  06     0212  2102010101     N            238.00 0009   09     O/C   
   1870  06     0066  2103010105                  285.30 0009   09     INF   
   2154  06     0251  2103010105                  285.30 0009   09     H/T   
   1388  06     0001  2301010101                  615.70 0009   09     RD    
   1830  06     0041  2301010101     N           3197.50 0009   09     O/C   
   1933  06     0096  2301010101     N           1100.90 0009   09     O/C   
   1934  06     0097  2301010101     N            556.88 0009   09     O/C   
   2126  06     0229  2301010101                  750.50 0009   09     H/T   
   2247  06     0283  2301010101     N           3197.50 0009   09     O/C   
   1756  06     0001  2301030101                   64.00 0009   09     H/T   
   2128  06     0229  2301030101                   55.00 0009   09     H/T   
   1757  06     0001  2301070101                   55.30 0009   09     H/T   
   2129  06     0229  2301070101                   49.40 0009   09     H/T   
   1755  06     0001  2302010299                   41.00 0009   09     H/T   
   2127  06     0229  2302010299                   45.00 0009   09     H/T   
   1997  06     0155  2302020101     N            725.00 0009   09     O/S   
   1941  06     0103  2302020102     N            281.90 0009   09     O/S   
   2125  06     0228  2302020202     S             78.11 0009   09     O/S   
   2150  06     0249  2302020202     N             37.99 0009   09     O/S   
   2168  06     0257  2302040101                  569.92 0009   09     O/C   
   2220  06     0278  2302040101     N            350.00 0009   09     O/S   
   2221  06     0279  2302040101     N            550.00 0009   09     O/S   
   1948  06     0110  2302071199     N            550.00 0009   09     O/S   
   2012  06     0165  2302071199     N            800.00 0009   09     O/S   
   1952  06     0114  2302080101     N            770.00 0009   09     O/S   
   1954  06     0116  2302080101     N            600.00 0009   09     O/S   
   1959  06     0121  2302080101     N            600.00 0009   09     O/S   
   1960  06     0122  2302080101     N            600.00 0009   09     O/S   
   1961  06     0123  2302080101     N            600.00 0009   09     O/S   
   2169  06     0194  2101010102                  713.19 0011   09     PLA   
   1930  06     0094  210101020101               1840.00 0011   09     MEM   
   1778  06     0017  210101020103                600.00 0011   09     MEM   
   2099  06     0208  2102010101     N            507.00 0011   09     O/C   
   2106  06     0213  2102010101     N            714.00 0011   09     O/C   
   2078  06     0195  210301010101                 61.49 0011   09     PLA   
   1875  06     0066  2103010105                   81.00 0011   09     INF   
   2159  06     0251  2103010105                   81.00 0011   09     H/T   
   2006  06     0160  2301030101     N            183.20 0011   09     O/C   
   2179  06     0264  2301030101     N             57.25 0011   09     O/C   
   2007  06     0160  2301030103     N              8.30 0011   09     O/C   
   2180  06     0264  2301030103     N             26.00 0011   09     O/C   
   2010  06     0163  2301050401     N            254.40 0011   09     O/C   
   1765  06     0009  230199019901   N          10260.00 0011   09     O/C   
   1827  06     0038  230199019902   N           5454.00 0011   09     O/C   
   2113  06     0219  2302020201     S             62.33 0011   09     O/S   
   2024  06     0177  2302020202     N             64.90 0011   09     O/S   
   2147  06     0246  2302020402     S            350.00 0011   09     O/S   
   2025  06     0178  2302020404     N            140.00 0011   09     O/S   
   1859  06     0060  2302060303     N            600.00 0011   09     O/S   
   1805  06     0029  2302071199     N            379.90 0011   09     O/S   
   2026  06     0179  2302071199     N             45.90 0011   09     O/S   
   2139  06     0238  2302071199     N            397.45 0011   09     O/S   
   2222  06     0280  2302071199     N             60.00 0011   09     O/S   
   2223  06     0281  2302071199     N            150.00 0011   09     O/S   
   1973  06     0135  2302080101     N            900.00 0011   09     O/S   
   2170  06     0194  2101010102                  680.97 0012   09     PLA   
   1922  06     0089  210101020101               6630.00 0012   09     MEM   
   1853  06     0055  210101020102                405.00 0012   09     MEM   
   1770  06     0012  210101020103               2600.00 0012   09     MEM   
   2100  06     0209  2102010101     N           2028.00 0012   09     O/C   
   2107  06     0214  2102010101     N           1701.00 0012   09     O/C   
   2112  06     0218  2102010101     N            302.00 0012   09     O/C   
   2228  06     0218  2102010101                   88.00 0012   09     H/M   
   1885  06     0069  210301010101                  6.00 0012   09     H/T   
   2280  06     0195  210301010101                 58.59 0012   09     PLA   
   1869  06     0066  2103010105     N            216.00 0012   09     INF   
   2153  06     0251  2103010105                  216.00 0012   09     H/T   
   2094  06     0204  2301020101     N           1476.00 0012   09     O/C   
   2140  06     0239  2301020101     N            984.00 0012   09     O/C   
   2173  06     0260  2301110105     N            390.00 0012   09     O/C   
   1996  06     0154  2302020101     S            318.20 0012   09     O/S   
   1940  06     0102  2302020102     N           1989.60 0012   09     O/S   
   2115  06     0221  2302020201     N            123.08 0012   09     O/S   
   2018  06     0171  2302020202     N             55.98 0012   09     O/S   
   1761  06     0005  2302071199     N            240.00 0012   09     O/S   
   1762  06     0006  2302071199     N            240.00 0012   09     O/S   
   1763  06     0007  2302071199     N            240.00 0012   09     O/S   
   2011  06     0164  2302071199     N            550.00 0012   09     O/S   
   2020  06     0173  2302071199     N            550.00 0012   09     O/S   
   2031  06     0184  2302071199     N            240.00 0012   09     O/S   
   2032  06     0185  2302071199     N            240.00 0012   09     O/S   
   2033  06     0186  2302071199     N            240.00 0012   09     O/S   
   2034  06     0187  2302071199     N             60.00 0012   09     O/S   
   2035  06     0188  2302071199     N             60.00 0012   09     O/S   
   2036  06     0189  2302071199     N             60.00 0012   09     O/S   
   1942  06     0104  2302080101     N            600.00 0012   09     O/S   
   1965  06     0127  2302080101     N            600.00 0012   09     O/S   
   1979  06     0141  2302080101     N            600.00 0012   09     O/S   
   2183  06     0267  2302080101     N            600.00 0012   09     O/S   
   1855  06     0056  2505020199                  735.00 0012   09     RPD   
   1861  06     0062  2505020199                  363.60 0012   09     RPD   
   1925  06     0090  210101020101                720.00 0013   09     MEM   
   1773  06     0013  210101020103                200.00 0013   09     MEM   
   2102  06     0210  2102010101     S            238.00 0013   09     O/C   
   1801  06     0025  2401030104                 1989.26 0013   09     MEM   
   1923  06     0089  210101020101               1020.00 0014   09     MEM   
   1854  06     0055  210101020102                 60.00 0014   09     MEM   
   1771  06     0012  210101020103   N            400.00 0014   09     MEM   
   2087  06     0201  2102010101     S            151.00 0014   09     O/C   
   2090  06     0202  2102010101     S            169.00 0014   09     O/C   
   2093  06     0203  2102010101     S            238.00 0014   09     O/C   
   2231  06     0201  2102010101                   44.00 0014   09     H/M   
   1873  06     0066  2103010105                  163.80 0014   09     INF   
   2157  06     0251  2103010105                  163.80 0014   09     H/T   
   2212  06     0271  2301110101     S            291.00 0014   09     O/C   
   1939  06     0101  2302020101     S            305.80 0014   09     O/S   
   2023  06     0176  2302020201     S             50.97 0014   09     O/S   
   2184  06     0268  2302020202     S             50.97 0014   09     O/S   
   2218  06     0276  2302040101     N            500.00 0014   09     O/S   
   1795  06     0019  2302040104     N             70.00 0014   09     O/S   
   1955  06     0117  2302080101     N            600.00 0014   09     O/S   
   1958  06     0120  2302080101     N            620.00 0014   09     O/S   
   1970  06     0132  2302080101     N            600.00 0014   09     O/S   
   1799  06     0023  2602039903                24735.66 0016   09     PLA   
   1800  06     0024  2602039903                 1877.10 0016   09     PLA   
   2014  06     0167  2602039903                22004.50 0016   09     PLA   
   2015  06     0168  2602039903                 1671.99 0016   09     PLA   
   1823  06     0034  2602039904     N           2720.00 0016   09     O/C   
   1826  06     0037  2602039904     N           1081.60 0016   09     O/C   
   1833  06     0044  2602039904     N            279.00 0016   09     O/C   
   1862  06     0063  2602039904     N            170.00 0016   09     O/C   
   1891  06     0072  2602039904     N             80.00 0016   09     O/C   
   1989  06     0150  2602039904     N            360.00 0016   09     O/C   
   2013  06     0166  2602039904                  645.67 0016   09     H/T   
   2145  06     0244  2602039904     N           1200.00 0016   09     O/C   
   2181  06     0265  2602039904     N           2749.50 0016   09     O/C   
   2224  06     0282  2602039904     N           1044.50 0016   09     O/C   
   2256  06     0284  2602039904     N           1040.00 0016   09     O/C   
   2217  06     0275  2602039905     N           1350.00 0016   09     O/S   
   1988  06     0149  2602039904     N           7665.70 0017   09     O/C   
   2008  06     0161  2602039904     N           5512.00 0017   09     O/C   
   2009  06     0162  2602039904                  145.88 0017   09     INF   
   2175  06     0262  2602039904     N            471.40 0017   09     O/C   
   1804  06     0028  2602039905     N            450.00 0017   09     O/S   
   1829  06     0040  2602039905     N          10000.00 0017   09     O/S   
   2049  06     0192  2101010102                 1293.29 0001   13     PLA   
   2056  06     0192  2101010102                  917.21 0001   13     PLA   
   2063  06     0193  210301010101                109.65 0001   13     PLA   
   2070  06     0193  210301010101                 79.85 0001   13     PLA   
   2050  06     0192  2101010102                12028.08 0003   13     PLA   
   2064  06     0193  210301010101               1023.13 0003   13     PLA   
   2051  06     0192  2101010102                 3027.97 0004   13     PLA   
   2065  06     0193  210301010101                256.77 0004   13     PLA   
   2052  06     0192  2101010102                 4786.21 0005   13     PLA   
   2066  06     0193  210301010101   N            402.03 0005   13     PLA   
   2053  06     0192  2101010102                 3847.98 0006   13     PLA   
   2067  06     0193  210301010101                328.76 0006   13     PLA   
   2054  06     0192  2101010102                  728.56 0007   13     PLA   
   2068  06     0193  210301010101                 62.42 0007   13     PLA   
   2055  06     0192  2101010102                  591.51 0009   13     PLA   
   2069  06     0193  210301010101                 49.64 0009   13     PLA   
   1932  06     0095  2201010101                10643.81 0010   13     PLA   
   2136  06     0236  2202030403                  317.25 0010   13     RPD   
   2138  06     0237  2202030403                  211.50 0010   13     RPD   
   2057  06     0192  2101010102                 1324.91 0011   13     PLA   
   2071  06     0193  210301010101                112.94 0011   13     PLA   
   2058  06     0192  2101010102                 8537.15 0012   13     PLA   
   2072  06     0193  210301010101                729.62 0012   13     PLA   
   2082  06     0199  2202030402                  362.64 0012   13     RPD   
   2062  06     0192  2101010102                  917.21 0013   13     PLA   
   2074  06     0193  210301010101                 79.85 0013   13     PLA   
   2059  06     0192  2101010102                 1508.24 0014   13     PLA   
   2073  06     0193  210301010101                127.19 0014   13     PLA   
