
Reg. N§  NUMMES NUMHC CODPART        IGV         VALPART CODCAD CODFTE TIPDOC
*----------------------------------------------------------------------------
   1025  04     0066  210101020101               3300.00 0001   09     PLA   
   1053  04     0075  210101020101               2140.00 0001   09     PLA   
    969  04     0031  210101020102                375.00 0001   09     MEM   
    971  04     0031  210101020102                420.00 0001   09     MEM   
    930  04     0002  210101020103                450.00 0001   09     INF   
   1218  04     0172  2101100101                  520.00 0001   09     MEM   
   1234  04     0185  2101100101                  520.00 0001   09     MEM   
   1293  04     0231  2101100101                  520.00 0001   09     MEM   
   1219  04     0173  2101100102                  400.00 0001   09     MEM   
   1220  04     0174  2101100102                  400.00 0001   09     MEM   
   1221  04     0175  2101100102                  400.00 0001   09     MEM   
   1222  04     0176  2101100102                  400.00 0001   09     MEM   
   1235  04     0186  2101100102                  400.00 0001   09     MEM   
   1236  04     0187  2101100102                  400.00 0001   09     MEM   
   1237  04     0188  2101100102                  400.00 0001   09     MEM   
   1238  04     0189  2101100102                  400.00 0001   09     MEM   
   1285  04     0187  2101100102                  400.00 0001   09     H/M   
   1294  04     0232  2101100102                  400.00 0001   09     MEM   
   1295  04     0233  2101100102                  400.00 0001   09     MEM   
   1296  04     0234  2101100102                  400.00 0001   09     MEM   
   1297  04     0235  2101100102                  400.00 0001   09     MEM   
   1022  04     0064  2301030101     S            276.66 0001   09     O/C   
   1267  04     0210  2301030101     S            134.00 0001   09     O/C   
   1268  04     0210  2301030103     S            125.78 0001   09     O/C   
   1010  04     0056  2301050102     S            863.97 0001   09     O/C   
   1245  04     0194  2301050102     S            839.56 0001   09     O/C   
   1084  04     0100  2301050301     S             73.50 0001   09     O/C   
    968  04     0030  2301060199     S            189.00 0001   09     O/C   
   1292  04     0230  230201020201                494.00 0001   09     PLA   
   1223  04     0177  2302020201     S            210.21 0001   09     O/S   
   1226  04     0178  2302020201     S             47.94 0001   09     O/S   
   1095  04     0106  2302020202     S              5.97 0001   09     O/S   
    952  04     0016  2302020403     S           1500.00 0001   09     O/S   
   1153  04     0153  2302020403     S           1500.00 0001   09     O/S   
   1258  04     0201  2302020403     N           1500.00 0001   09     O/S   
   1252  04     0197  2302071199     N           1533.33 0001   09     O/S   
   1115  04     0115  2302080101     N            700.00 0001   09     O/S   
   1133  04     0133  2302080101     N            600.00 0001   09     O/S   
   1246  04     0194  2301050102     S            103.71 0002   09     O/C   
   1156  04     0156  2302070202     N           1200.00 0002   09     O/S   
   1192  04     0166  2101010102                 1299.81 0003   09     PLA   
   1026  04     0066  210101020101              15291.66 0003   09     PLA   
    970  04     0031  210101020102               2145.00 0003   09     MEM   
    931  04     0002  210101020103               3450.00 0003   09     INF   
   1195  04     0167  210301010101                111.94 0003   09     PLA   
    979  04     0037  2301010101                  426.30 0003   09     RNF   
   1021  04     0063  2301010101     S            342.00 0003   09     O/C   
   1202  04     0169  2301010101                  281.10 0003   09     RNF   
   1203  04     0169  2301030101                   18.80 0003   09     RNF   
   1023  04     0064  2301030103     S            576.32 0003   09     O/C   
   1269  04     0210  2301030103     S            140.00 0003   09     O/C   
    980  04     0037  2301050102                  186.70 0003   09     RNF   
   1011  04     0056  2301050102     S           4230.81 0003   09     O/C   
   1204  04     0169  2301050102                   67.50 0003   09     RNF   
   1247  04     0194  2301050102     S           2243.72 0003   09     O/C   
   1085  04     0100  2301050301     S            702.10 0003   09     O/C   
    981  04     0037  2301050401                    5.00 0003   09     RNF   
   1205  04     0169  2301050401                   65.00 0003   09     RNF   
   1281  04     0220  2301059999     S            120.00 0003   09     O/C   
    982  04     0037  2301060101                    5.00 0003   09     RNF   
    983  04     0037  2301060199                   40.00 0003   09     RNF   
   1009  04     0055  2301060199     N            140.00 0003   09     O/S   
    984  04     0037  2301110101                   50.00 0003   09     RNF   
   1206  04     0169  2301110102                   15.00 0003   09     RNF   
    985  04     0037  230199019999                153.00 0003   09     RNF   
   1207  04     0169  230199019999                 76.80 0003   09     RNF   
   1301  04     0239  230201020103                180.00 0003   09     PLA   
   1291  04     0229  230201020203                432.00 0003   09     PLA   
   1302  04     0239  230201020203                200.00 0003   09     PLA   
    986  04     0037  2302010299                  272.50 0003   09     RNF   
    992  04     0039  2302010299                 1050.00 0003   09     H/T   
   1208  04     0169  2302010299                  468.00 0003   09     RNF   
   1074  04     0092  2302020101     S           1562.90 0003   09     O/S   
   1088  04     0102  2302020102     S            653.50 0003   09     O/S   
   1224  04     0177  2302020201     S            248.32 0003   09     O/S   
   1109  04     0110  2302020202     S            344.95 0003   09     O/S   
   1274  04     0215  2302020202     S             50.01 0003   09     O/S   
   1110  04     0110  2302020203     S            439.99 0003   09     O/S   
   1073  04     0091  2302020301     S            336.91 0003   09     O/S   
    987  04     0037  2302020404                   66.00 0003   09     RNF   
   1209  04     0169  2302020404                  210.00 0003   09     RNF   
   1210  04     0169  2302040103                  132.00 0003   09     RNF   
   1265  04     0208  2302040104     N            220.00 0003   09     O/S   
   1211  04     0169  2302040105                  105.00 0003   09     RNF   
    957  04     0021  2302040199     N            140.00 0003   09     O/S   
    959  04     0023  2302040199     N            220.00 0003   09     O/S   
    988  04     0037  2302060102                  114.00 0003   09     RNF   
   1212  04     0169  2302060102                   20.00 0003   09     RNF   
   1694  04     0244  2302060201                  216.00 0003   09     INF   
   1698  04     0248  2302060201                   27.50 0003   09     N/C   
   1701  04     0251  2302060201                   14.23 0003   09     N/C   
   1702  04     0252  2302060201                    7.00 0003   09     N/C   
   1060  04     0082  2302070202     N            500.00 0003   09     O/S   
   1233  04     0184  2302070202     N           1500.00 0003   09     O/S   
   1305  04     0242  2302070202     N           1000.00 0003   09     O/S   
   1163  04     0163  2302070301     N            140.00 0003   09     O/S   
   1217  04     0171  2302070301     S            285.60 0003   09     O/S   
    995  04     0041  2302070502                 2623.00 0003   09     INF   
   1213  04     0169  2302071101                   35.00 0003   09     RNF   
    964  04     0026  2302071199                  700.00 0003   09     MEM   
    989  04     0037  2302071199                  145.00 0003   09     RNF   
   1008  04     0054  2302071199     N            170.00 0003   09     O/S   
   1214  04     0169  2302071199                   70.00 0003   09     RNF   
   1112  04     0112  2302080101     N            825.00 0003   09     O/S   
   1114  04     0114  2302080101     N            800.00 0003   09     O/S   
   1125  04     0125  2302080101     N            700.00 0003   09     O/S   
   1134  04     0134  2302080101     N            800.00 0003   09     O/S   
   1139  04     0139  2302080101     N           1400.00 0003   09     O/S   
   1150  04     0150  2302080101     N           1000.00 0003   09     O/S   
   1151  04     0151  2302080101     N           1700.00 0003   09     O/S   
   1029  04     0067  210101020101               2250.00 0004   09     PLA   
    972  04     0032  210101020102                150.00 0004   09     MEM   
    934  04     0003  210101020103                450.00 0004   09     INF   
   1018  04     0060  2301050102     S            549.30 0004   09     O/C   
   1254  04     0198  2301050102     S            267.14 0004   09     O/C   
   1225  04     0177  2302020201     S             90.23 0004   09     O/S   
   1120  04     0120  2302080101     N            800.00 0004   09     O/S   
   1143  04     0143  2302080101     N            550.00 0004   09     O/S   
    941  04     0008  2502010199                  250.00 0004   09     MEM   
    942  04     0009  2502010199                  500.00 0004   09     MEM   
    943  04     0010  2502010199                  250.00 0004   09     MEM   
    944  04     0011  2502010199                  250.00 0004   09     MEM   
    945  04     0012  2502010199                  250.00 0004   09     MEM   
    946  04     0013  2502010199                  300.00 0004   09     MEM   
    994  04     0040  2502010199                  250.00 0004   09     MEM   
   1283  04     0222  2502010199                 1200.00 0004   09     MEM   
    951  04     0015  2503010199     S            127.50 0004   09     O/C   
    953  04     0017  2503010199     S           2137.19 0004   09     O/C   
    954  04     0018  2503010199     S            271.64 0004   09     O/C   
    955  04     0019  2503010199                  180.00 0004   09     MEM   
    956  04     0020  2503010199                  227.90 0004   09     MEM   
    963  04     0025  2503010199                  500.00 0004   09     MEM   
    966  04     0028  2503010199                  200.00 0004   09     RPD   
    967  04     0029  2503010199                  300.00 0004   09     RPD   
    990  04     0037  2503010199                  259.77 0004   09     RNF   
    996  04     0042  2503010199                  208.90 0004   09     MEM   
    997  04     0043  2503010199                  300.00 0004   09     MEM   
    998  04     0044  2503010199                  300.00 0004   09     MEM   
    999  04     0045  2503010199                  250.00 0004   09     MEM   
   1000  04     0046  2503010199                  750.00 0004   09     MEM   
   1001  04     0047  2503010199                  260.00 0004   09     MEM   
   1002  04     0048  2503010199                  180.00 0004   09     MEM   
   1003  04     0049  2503010199                  250.00 0004   09     MEM   
   1004  04     0050  2503010199                  750.00 0004   09     MEM   
   1036  04     0072  2503010199     S            125.04 0004   09     O/C   
   1054  04     0076  2503010199                  400.00 0004   09     MEM   
   1055  04     0077  2503010199                  180.00 0004   09     MEM   
   1056  04     0078  2503010199                  300.00 0004   09     MEM   
   1057  04     0079  2503010199                  200.00 0004   09     MEM   
   1058  04     0080  2503010199                  205.43 0004   09     MEM   
   1154  04     0154  2503010199     S            342.00 0004   09     MEM   
   1155  04     0155  2503010199                  180.00 0004   09     MEM   
   1162  04     0162  2503010199                  300.00 0004   09     INF   
   1215  04     0169  2503010199                  316.80 0004   09     RNF   
   1239  04     0190  2503010199                  180.00 0004   09     MEM   
   1240  04     0191  2503010199                  300.00 0004   09     MEM   
   1250  04     0195  2503010199                 4060.50 0004   09     RD    
   1257  04     0200  2503010199     S           1000.00 0004   09     O/C   
   1278  04     0217  2503010199                  257.80 0004   09     MEM   
   1279  04     0218  2503010199                  150.00 0004   09     MEM   
   1280  04     0219  2503010199                  179.40 0004   09     MEM   
   1284  04     0223  2503010199                  180.00 0004   09     MEM   
   1287  04     0225  2503010199                 1480.75 0004   09     RD    
   2845  04     0076  2503010199                  400.00 0004   09     H/M   
   1031  04     0068  210101020101               3260.00 0005   09     PLA   
    974  04     0033  210101020102                660.00 0005   09     MEM   
    936  04     0004  210101020103                900.00 0005   09     INF   
   1015  04     0059  2301050102     S            389.69 0005   09     O/C   
   1255  04     0199  2301050102     S            433.70 0005   09     O/C   
   1091  04     0104  2301050301     S            706.00 0005   09     O/C   
   1111  04     0111  2301080199     S            261.00 0005   09     O/C   
   1299  04     0237  2301080201     S            297.00 0005   09     O/C   
   1230  04     0182  2302020201     S             75.97 0005   09     O/S   
   1063  04     0085  2302020404     S            150.00 0005   09     O/S   
    960  04     0023  2302040199     N            170.00 0005   09     O/S   
   1699  04     0249  2302060201                  272.75 0005   09     N/C   
   1260  04     0203  2302071199     N            230.00 0005   09     O/S   
   1113  04     0113  2302080101     N            600.00 0005   09     O/S   
   1121  04     0121  2302080101     N            600.00 0005   09     O/S   
   1122  04     0122  2302080101     N            550.00 0005   09     O/S   
   1123  04     0123  2302080101     N            550.00 0005   09     O/S   
   1127  04     0127  2302080101     N            600.00 0005   09     O/S   
   1130  04     0130  2302080101     N            550.00 0005   09     O/S   
   1131  04     0131  2302080101     N            550.00 0005   09     O/S   
   1132  04     0132  2302080101     N            550.00 0005   09     O/S   
   1032  04     0068  210101020101               2850.00 0006   09     PLA   
    975  04     0033  210101020102                120.00 0006   09     MEM   
    937  04     0004  210101020103                600.00 0006   09     INF   
   1016  04     0059  2301050102     S            632.79 0006   09     O/C   
   1256  04     0199  2301050102     S            413.06 0006   09     O/C   
   1092  04     0104  2301050301     S            772.00 0006   09     O/C   
    993  04     0039  2302010299                  180.00 0006   09     H/T   
   1231  04     0182  2302020201     S            147.53 0006   09     O/S   
   1159  04     0159  2302020202     S             69.61 0006   09     O/S   
   1259  04     0202  2302040105     N           1100.00 0006   09     O/S   
    958  04     0022  2302040199     N            240.00 0006   09     O/S   
    965  04     0027  2302071199     N            350.00 0006   09     O/S   
   1006  04     0052  2302071199     N           1140.00 0006   09     O/S   
   2399  04     0052  2302071199                 1140.00 0006   09     H/M   
   1117  04     0117  2302080101     N            750.00 0006   09     O/S   
   1126  04     0126  2302080101     N            650.00 0006   09     O/S   
   1135  04     0135  2302080101     N            600.00 0006   09     O/S   
   1136  04     0136  2302080101     N            550.00 0006   09     O/S   
   1137  04     0137  2302080101     N            550.00 0006   09     O/S   
   1148  04     0148  2302080101     N            800.00 0006   09     O/S   
   1034  04     0070  210101020101                720.00 0007   09     PLA   
    976  04     0034  210101020102                 60.00 0007   09     MEM   
    938  04     0005  210101020103                150.00 0007   09     INF   
   1017  04     0059  2301050102     S            266.32 0007   09     O/C   
   1244  04     0193  2301050102     S            242.17 0007   09     O/C   
   1093  04     0104  2301050301     S             11.60 0007   09     O/C   
   1160  04     0160  2301080201     S           1079.50 0007   09     O/C   
   1232  04     0183  2301080201     S          10975.50 0007   09     O/C   
   1261  04     0204  2301080201     S           3696.00 0007   09     O/C   
   1262  04     0205  2301080201     S           2480.00 0007   09     O/C   
   1263  04     0206  2301080201     S            841.00 0007   09     O/C   
   1264  04     0207  2301080201     S           7990.00 0007   09     O/C   
   1282  04     0221  2301080201     S           6691.92 0007   09     O/C   
   1693  04     0243  2302060201                  126.00 0007   09     INF   
   1140  04     0140  2302070202     N            600.00 0007   09     O/S   
   1129  04     0129  2302080101     N            600.00 0007   09     O/S   
   1152  04     0152  2302080101     N            550.00 0007   09     O/S   
   1033  04     0069  210101020101                720.00 0009   09     PLA   
    977  04     0035  210101020102                 60.00 0009   09     MEM   
    939  04     0006  210101020103                150.00 0009   09     INF   
    947  04     0014  2301010101     N           1790.60 0009   09     O/C   
   1020  04     0062  2301010101     N            420.60 0009   09     O/C   
   1049  04     0074  2301010101                  650.00 0009   09     INF   
   1061  04     0083  2301010101     N           1364.80 0009   09     O/C   
   1198  04     0168  2301010101                  594.50 0009   09     INF   
   1275  04     0216  2301010101                  870.90 0009   09     INF   
   1051  04     0074  2301030101                   44.00 0009   09     INF   
   1200  04     0168  2301030101                   87.50 0009   09     INF   
   1277  04     0216  2301030101                   44.00 0009   09     INF   
   1014  04     0058  2301050102     N            289.79 0009   09     O/C   
   1241  04     0192  2301050102     S            118.24 0009   09     O/C   
   1090  04     0103  2301050301     N            540.00 0009   09     O/C   
   1052  04     0074  2301070101                   40.90 0009   09     INF   
   1201  04     0168  2301070101                   32.20 0009   09     INF   
   1050  04     0074  2302010299                   21.00 0009   09     INF   
   1199  04     0168  2302010299                   24.00 0009   09     INF   
   1276  04     0216  2302010299                   27.00 0009   09     INF   
   1076  04     0093  2302020101     N            237.00 0009   09     O/S   
   1079  04     0096  2302020102     N            281.90 0009   09     O/S   
   1229  04     0181  2302020202     N             38.00 0009   09     O/S   
   1700  04     0250  2302060201                   71.75 0009   09     N/C   
   1059  04     0081  2302070299     N            800.00 0009   09     O/S   
   1138  04     0138  2302080101     N            770.00 0009   09     O/S   
   1142  04     0142  2302080101     N            600.00 0009   09     O/S   
   1144  04     0144  2302080101     N            600.00 0009   09     O/S   
   1145  04     0145  2302080101     N            600.00 0009   09     O/S   
   1146  04     0146  2302080101     N            600.00 0009   09     O/S   
   1193  04     0166  2101010102                  713.19 0011   09     PLA   
   1035  04     0071  210101020101               1840.00 0011   09     PLA   
    978  04     0036  210101020102                180.00 0011   09     MEM   
    940  04     0007  210101020103                450.00 0011   09     INF   
   1196  04     0167  210301010101                 61.49 0011   09     PLA   
   1270  04     0211  2301030101     N             68.76 0011   09     O/C   
   1024  04     0065  2301030103     N            138.97 0011   09     O/C   
   1062  04     0084  2301030103     N            180.00 0011   09     O/C   
   1019  04     0061  2301050102     N            333.58 0011   09     O/C   
   1242  04     0192  2301050102     S            205.14 0011   09     O/C   
   1087  04     0101  2301050301     N            409.25 0011   09     O/C   
    991  04     0038  2301050401                 1325.90 0011   09     H/T   
   1013  04     0057  2301050401     N            180.00 0011   09     O/C   
   1080  04     0097  2301050401     N            240.00 0011   09     O/C   
   1081  04     0097  230199019999   N           1100.00 0011   09     O/C   
   1227  04     0179  2302020201     N             62.13 0011   09     O/S   
   1158  04     0158  2302020202     N             64.90 0011   09     O/S   
   1272  04     0213  2302020401     N            500.00 0011   09     O/S   
   1072  04     0090  2302040103     S             25.00 0011   09     O/S   
    961  04     0024  2302040199     N            520.00 0011   09     O/S   
   1697  04     0247  2302060201                  204.50 0011   09     N/C   
   1005  04     0051  2302071199     N            335.40 0011   09     O/S   
   1157  04     0157  2302071199     N             82.60 0011   09     O/S   
   1216  04     0170  2302071199                  726.00 0011   09     INF   
   1251  04     0196  2302071199     N            379.20 0011   09     O/S   
   1266  04     0209  2302071199     N            210.00 0011   09     O/S   
   1271  04     0212  2302071199     N            240.00 0011   09     O/S   
   1128  04     0128  2302080101     N            900.00 0011   09     O/S   
   1286  04     0224  2505020199                 1609.00 0011   09     RD    
   1300  04     0238  2603020904     N           8500.00 0011   09     O/C   
   1194  04     0166  2101010102                  680.97 0012   09     PLA   
   1027  04     0066  210101020101               6840.00 0012   09     PLA   
    932  04     0002  210101020103               2100.00 0012   09     INF   
   1197  04     0167  210301010101                 58.59 0012   09     PLA   
   1082  04     0098  2301050102     N            353.08 0012   09     O/C   
   1248  04     0194  2301050102     N            229.87 0012   09     O/C   
   1094  04     0105  2301050301     N            468.30 0012   09     O/C   
   1077  04     0094  2302020101     N            381.60 0012   09     O/S   
   1083  04     0099  2302020102     N           1989.60 0012   09     O/S   
   1228  04     0180  2302020201     S            121.87 0012   09     O/S   
   1096  04     0107  2302020202     S             55.98 0012   09     O/S   
   1695  04     0245  2302060201                  128.27 0012   09     N/C   
    929  04     0001  2302071199     N            530.00 0012   09     O/S   
   1007  04     0053  2302071199     N            550.00 0012   09     O/S   
   1069  04     0087  2302071199     N            240.00 0012   09     O/S   
   1070  04     0088  2302071199     N            240.00 0012   09     O/S   
   1071  04     0089  2302071199     N            240.00 0012   09     O/S   
   1298  04     0236  2302071199     N           1200.00 0012   09     O/S   
   1116  04     0116  2302080101     N            600.00 0012   09     O/S   
   1118  04     0118  2302080101     N            600.00 0012   09     O/S   
   1119  04     0119  2302080101     N            600.00 0012   09     O/S   
   1149  04     0149  2302080101     N            600.00 0012   09     O/S   
   1037  04     0073  2505020199                  606.00 0012   09     RD    
   1030  04     0067  210101020101                720.00 0013   09     PLA   
    973  04     0032  210101020102                 30.00 0013   09     MEM   
    935  04     0003  210101020103                150.00 0013   09     INF   
   1243  04     0192  2301050102     S             72.98 0013   09     O/C   
   1290  04     0228  230201020203                432.00 0013   09     PLA   
   1273  04     0214  2302040104     N            474.00 0013   09     O/S   
   1696  04     0246  2302060201                   87.00 0013   09     N/C   
   1028  04     0066  210101020101               1330.00 0014   09     PLA   
    933  04     0002  210101020103                300.00 0014   09     INF   
   1012  04     0056  2301050102     S            332.29 0014   09     O/C   
   1249  04     0194  2301050102     S            121.70 0014   09     O/C   
   1086  04     0100  2301050301     S            157.15 0014   09     O/C   
   1075  04     0092  2302020101     S            308.50 0014   09     O/S   
   1078  04     0095  2302020102     S            122.10 0014   09     O/S   
   1089  04     0102  2302020102     S            305.80 0014   09     O/S   
   1097  04     0108  2302020201     S             45.01 0014   09     O/S   
   1124  04     0124  2302080101     N            600.00 0014   09     O/S   
   1141  04     0141  2302080101     N            600.00 0014   09     O/S   
   1147  04     0147  2302080101     N            620.00 0014   09     O/S   
   1161  04     0161  2602039905     N           1000.00 0016   09     O/S   
   1303  04     0240  2602039905     N           4000.00 0016   09     O/S   
   1304  04     0241  2602039905     N           4000.00 0016   09     O/S   
   1288  04     0226  2602039904     N            828.71 0017   09     O/C   
   1289  04     0227  2602039904     N            390.00 0017   09     O/C   
   1166  04     0164  2101010102                 1415.63 0001   13     PLA   
   1173  04     0164  2101010102                  794.87 0001   13     PLA   
   1064  04     0086  210301010101                  2.85 0001   13     INF   
   1180  04     0165  210301010101                120.30 0001   13     PLA   
   1185  04     0165  210301010101                 69.20 0001   13     PLA   
   1167  04     0164  2101010102                12619.55 0003   13     PLA   
   1065  04     0086  210301010101                  9.98 0003   13     INF   
   1179  04     0165  210301010101               1072.76 0003   13     PLA   
   1168  04     0164  2101010102                 3027.97 0004   13     PLA   
   1181  04     0165  210301010101                256.77 0004   13     PLA   
   1169  04     0164  2101010102                 4786.21 0005   13     PLA   
   1066  04     0086  210301010101                  2.42 0005   13     INF   
   1182  04     0165  210301010101                402.03 0005   13     PLA   
   1170  04     0164  2101010102                 3847.98 0006   13     PLA   
   1067  04     0086  210301010101                  2.25 0006   13     INF   
   1183  04     0165  210301010101                328.76 0006   13     PLA   
   1171  04     0164  2101010102                  728.56 0007   13     PLA   
   1184  04     0165  210301010101                 62.42 0007   13     PLA   
   1172  04     0164  2101010102                  591.51 0009   13     PLA   
   1186  04     0165  210301010101                 49.64 0009   13     PLA   
   1099  04     0109  2201010101                11178.55 0010   13     PLA   
   1174  04     0164  2101010102                 1324.91 0011   13     PLA   
   1187  04     0165  210301010101                112.94 0011   13     PLA   
   1175  04     0164  2101010102                 8537.17 0012   13     PLA   
   1068  04     0086  210301010101                  6.00 0012   13     INF   
   1188  04     0165  210301010101                729.62 0012   13     PLA   
   1176  04     0164  2101010102                  275.16 0013   13     PLA   
   1178  04     0164  2101010102                  642.05 0013   13     PLA   
   1189  04     0165  210301010101                 23.95 0013   13     PLA   
   1191  04     0165  210301010101                 55.89 0013   13     PLA   
   1177  04     0164  2101010102                 1508.24 0014   13     PLA   
   1190  04     0165  210301010101                127.19 0014   13     PLA   
   1449  05     0110  210101020101               3620.00 0001   09     PLA   
   1416  05     0080  210101020102                375.00 0001   09     PLA   
   1521  05     0151  2101100101                  520.00 0001   09     MEM   
   1556  05     0183  2101100101                  520.00 0001   09     MEM   
   1634  05     0219  2101100101                  520.00 0001   09     MEM   
   1522  05     0152  2101100102                  400.00 0001   09     MEM   
   1523  05     0153  2101100102                  400.00 0001   09     MEM   
   1524  05     0154  2101100102                  400.00 0001   09     MEM   
   1557  05     0184  2101100102                  400.00 0001   09     MEM   
   1558  05     0185  2101100102                  400.00 0001   09     MEM   
   1559  05     0186  2101100102                  400.00 0001   09     MEM   
   1560  05     0187  2101100102                  400.00 0001   09     MEM   
   1635  05     0220  2101100102                  400.00 0001   09     MEM   
   1636  05     0221  2101100102                  400.00 0001   09     MEM   
   1637  05     0222  2101100102                  400.00 0001   09     MEM   
   1315  05     0003  2103010105                  117.00 0001   09     INF   
   1467  05     0123  2301030101     S            186.29 0001   09     O/C   
   1626  05     0214  2301030101     S            217.55 0001   09     O/C   
   1322  05     0006  2301070101     S            329.90 0001   09     O/C   
   1631  05     0216  230201020101   S            987.27 0001   09     O/S   
   1655  05     0216  230201020103   S            987.28 0001   09     O/S   
   1434  05     0096  230201020201                301.00 0001   09     PLA   
   1444  05     0105  230201020203                239.00 0001   09     PLA   
   1638  05     0223  2302020201     S            485.32 0001   09     O/S   
   1644  05     0226  2302020201     S             45.79 0001   09     O/S   
   1356  05     0020  2302020202     S            115.43 0001   09     O/S   
   1411  05     0075  2302020403     N           1500.00 0001   09     O/S   
   1372  05     0036  2302080101     N            700.00 0001   09     O/S   
   1390  05     0054  2302080101     N            600.00 0001   09     O/S   
   1412  05     0076  2302070202     N           2000.00 0002   09     O/S   
   1605  05     0197  2101010102     N           1414.44 0003   09     PLA   
   1450  05     0110  210101020101              17345.00 0003   09     PLA   
   1417  05     0080  210101020102               1755.00 0003   09     PLA   
   1608  05     0198  210301010101                121.90 0003   09     PLA   
   1308  05     0003  2103010105                  499.95 0003   09     INF   
   1317  05     0003  2103010105                  187.20 0003   09     INF   
   1331  05     0015  2301010101                  465.60 0003   09     RNF   
   1360  05     0024  2301010101     S            296.40 0003   09     O/C   
   1566  05     0190  2301010101                  287.60 0003   09     RNF   
   1544  05     0172  2301030101     S            228.50 0003   09     MEM   
   1332  05     0015  2301050101                  156.00 0003   09     RNF   
   1436  05     0098  2301050102     S            157.00 0003   09     O/C   
   1691  05     0249  2301050102     S            125.60 0003   09     O/C   
   1333  05     0015  2301059999                   47.00 0003   09     RNF   
   1334  05     0015  2301059999                   18.00 0003   09     RNF   
   1368  05     0032  2301059999     N            144.00 0003   09     O/C   
   1567  05     0190  2301059999                    5.00 0003   09     RNF   
   1335  05     0015  2301060199                   40.00 0003   09     RNF   
   1554  05     0181  2301060199     S             19.00 0003   09     O/C   
   1435  05     0097  2301070101     N            650.00 0003   09     O/C   
   1568  05     0190  2301070101                  187.50 0003   09     RNF   
   1616  05     0204  2301070101                 1240.00 0003   09     H/T   
   1652  05     0234  2301070101     N            600.00 0003   09     O/C   
   1662  05     0244  2301070101     S            760.00 0003   09     O/C   
   1665  05     0247  2301110104     S            641.00 0003   09     O/C   
   1336  05     0015  230199019999                 80.00 0003   09     RNF   
   1654  05     0236  230199019999   S            124.00 0003   09     O/C   
   1337  05     0015  230201020103                 28.00 0003   09     RNF   
   1477  05     0131  230201020103                 12.00 0003   09     PLA   
   1479  05     0132  230201020103                 12.00 0003   09     PLA   
   1481  05     0133  230201020103                 12.00 0003   09     PLA   
   1483  05     0134  230201020103                 12.00 0003   09     PLA   
   1485  05     0135  230201020103                 12.00 0003   09     PLA   
   1487  05     0136  230201020103                 12.00 0003   09     PLA   
   1489  05     0137  230201020103                 12.00 0003   09     PLA   
   1577  05     0192  230201020103                300.00 0003   09     INF   
   1478  05     0131  230201020203                 40.00 0003   09     PLA   
   1480  05     0132  230201020203                 40.00 0003   09     PLA   
   1482  05     0133  230201020203                 40.00 0003   09     PLA   
   1484  05     0134  230201020203                 40.00 0003   09     PLA   
   1486  05     0135  230201020203                 40.00 0003   09     PLA   
   1488  05     0136  230201020203                 40.00 0003   09     PLA   
   1490  05     0137  230201020203                 40.00 0003   09     PLA   
   1569  05     0190  230201020203                 35.00 0003   09     RNF   
   1578  05     0192  230201020203                720.00 0003   09     INF   
   1579  05     0193  230201020203                615.00 0003   09     INF   
   1580  05     0194  230201020203                731.00 0003   09     INF   
   1338  05     0015  2302010299                  240.00 0003   09     RNF   
   1365  05     0029  2302010299                 1330.00 0003   09     PLA   
   1545  05     0172  2302010299                   12.20 0003   09     MEM   
   1570  05     0190  2302010299                  581.50 0003   09     RNF   
   1474  05     0129  2302020101     N           1369.80 0003   09     O/S   
   1475  05     0129  2302020101     N            389.40 0003   09     O/S   
   1618  05     0206  2302020101     S            105.30 0003   09     O/S   
   1440  05     0102  2302020102     S            659.50 0003   09     O/S   
   1639  05     0223  2302020201     S            330.85 0003   09     O/S   
   1531  05     0161  2302020202     S            736.12 0003   09     O/S   
   1647  05     0229  2302020202     S             50.01 0003   09     O/S   
   1571  05     0190  2302020203                  110.00 0003   09     RNF   
   1442  05     0103  2302020301     S            187.97 0003   09     O/S   
   1339  05     0015  2302020401                  100.00 0003   09     RNF   
   1340  05     0015  2302020402                  110.00 0003   09     RNF   
   1341  05     0015  2302020404                   45.00 0003   09     RNF   
   1357  05     0021  2302020404     S            922.46 0003   09     O/S   
   1514  05     0146  2302020404     S            210.00 0003   09     O/S   
   1519  05     0150  2302020404     S           1987.50 0003   09     O/S   
   1520  05     0150  2302020404     S            200.00 0003   09     O/S   
   1572  05     0190  2302020404                  125.00 0003   09     RNF   
   1546  05     0173  2302040103     N            150.00 0003   09     O/S   
   1573  05     0190  2302040104                  127.50 0003   09     RNF   
   1625  05     0213  2302040104     N            400.00 0003   09     O/S   
   1661  05     0243  2302040104     N            470.00 0003   09     O/S   
   1342  05     0015  2302040105                   20.00 0003   09     RNF   
   1343  05     0015  2302040199                   25.00 0003   09     RNF   
   1624  05     0212  2302040199     N            314.50 0003   09     O/S   
   2084  05     0252  2302060201                  277.96 0003   09     N/C   
   2087  05     0255  2302060201                   27.50 0003   09     N/C   
   2090  05     0258  2302060201                   14.23 0003   09     N/C   
   2091  05     0259  2302060201                    7.00 0003   09     N/C   
   1414  05     0078  2302070202     N           1000.00 0003   09     O/S   
   1530  05     0160  2302070301     N            280.00 0003   09     O/S   
   1622  05     0210  2302070301     N           2000.00 0003   09     O/S   
   1344  05     0015  2302070302                   53.00 0003   09     RNF   
   1330  05     0014  2302070502                 2516.00 0003   09     H/T   
   1369  05     0033  2302071002                 2800.00 0003   09     INF   
   1345  05     0015  2302071199                   15.00 0003   09     RNF   
   1346  05     0015  2302071199                   66.00 0003   09     RNF   
   1443  05     0104  2302071199     N            267.00 0003   09     O/S   
   1527  05     0157  2302071199     N            240.00 0003   09     O/S   
   1553  05     0180  2302071199     N            300.00 0003   09     O/S   
   1574  05     0190  2302071199                  198.50 0003   09     RNF   
   1371  05     0035  2302080101     N            800.00 0003   09     O/S   
   1382  05     0046  2302080101     N            700.00 0003   09     O/S   
   1391  05     0055  2302080101     N            800.00 0003   09     O/S   
   1397  05     0061  2302080101     N           1400.00 0003   09     O/S   
   1407  05     0071  2302080101     N           1000.00 0003   09     O/S   
   1408  05     0072  2302080101     N           1700.00 0003   09     O/S   
   1415  05     0079  2302080101     N            825.00 0003   09     O/S   
   1453  05     0111  210101020101               2558.00 0004   09     PLA   
   1419  05     0081  210101020102                375.00 0004   09     PLA   
   1316  05     0003  2103010105                  121.50 0004   09     INF   
   1468  05     0123  2301030101     S            435.04 0004   09     O/C   
   1627  05     0214  2301030101     S            427.98 0004   09     O/C   
   1628  05     0214  2301030103     S             25.50 0004   09     O/C   
   1640  05     0223  2302020201     S            103.44 0004   09     O/S   
   1471  05     0126  2302071102     S            140.00 0004   09     O/S   
   1513  05     0145  2302071199     S            150.00 0004   09     O/S   
   1528  05     0158  2302071199     N           4200.00 0004   09     O/S   
   1377  05     0041  2302080101     N            800.00 0004   09     O/S   
   1400  05     0064  2302080101     N            550.00 0004   09     O/S   
   1323  05     0007  2502010199                 1200.00 0004   09     MEM   
   1324  05     0008  2502010199                  250.00 0004   09     MEM   
   1325  05     0009  2502010199                  250.00 0004   09     MEM   
   1326  05     0010  2502010199                  250.00 0004   09     MEM   
   1327  05     0011  2502010199                  250.00 0004   09     MEM   
   1328  05     0012  2502010199                  250.00 0004   09     MEM   
   1329  05     0013  2502010199                  500.00 0004   09     MEM   
   1460  05     0116  2502010199                  250.00 0004   09     MEM   
   1461  05     0117  2502010199                  231.00 0004   09     MEM   
   1491  05     0138  2502010199                  500.00 0004   09     MEM   
   1534  05     0164  2502010199                  250.00 0004   09     MEM   
   1614  05     0202  2502010199                  250.00 0004   09     MEM   
   1306  05     0001  2503010199                  260.00 0004   09     MEM   
   1307  05     0002  2503010199                  126.00 0004   09     MEM   
   1347  05     0015  2503010199                  145.10 0004   09     RNF   
   1348  05     0015  2503010199                  104.00 0004   09     RNF   
   1353  05     0017  2503010199                  200.00 0004   09     MEM   
   1426  05     0088  2503010199                  200.00 0004   09     MEM   
   1427  05     0089  2503010199                  186.00 0004   09     MEM   
   1428  05     0090  2503010199                  253.00 0004   09     MEM   
   1433  05     0095  2503010199                  112.00 0004   09     MEM   
   1446  05     0107  2503010199     S           1000.00 0004   09     O/C   
   1447  05     0108  2503010199     S            253.00 0004   09     MEM   
   1462  05     0118  2503010199     S           1000.00 0004   09     O/C   
   1463  05     0119  2503010199                  180.00 0004   09     MEM   
   1469  05     0124  2503010199     S            400.00 0004   09     O/C   
   1470  05     0125  2503010199     S            650.00 0004   09     O/C   
   1476  05     0130  2503010199                   90.00 0004   09     MEM   
   1525  05     0155  2503010199                  200.00 0004   09     MEM   
   1526  05     0156  2503010199     S           1368.74 0004   09     O/C   
   1538  05     0167  2503010199                  300.00 0004   09     MEM   
   1539  05     0168  2503010199                  300.00 0004   09     MEM   
   1561  05     0188  2503010199                  180.00 0004   09     MEM   
   1575  05     0190  2503010199                   49.00 0004   09     RNF   
   1576  05     0191  2503010199                  300.00 0004   09     MEM   
   1611  05     0199  2503010199                 4119.00 0004   09     RD    
   1615  05     0203  2503010199     S            150.02 0004   09     MEM   
   1619  05     0207  2503010199                  180.00 0004   09     MEM   
   1633  05     0218  2503010199                  180.00 0004   09     MEM   
   1646  05     0228  2503010199                 1000.00 0004   09     MEM   
   1657  05     0239  2503010199     N            270.00 0004   09     O/C   
   1660  05     0242  2503010199                  270.00 0004   09     MEM   
   1663  05     0245  2503010199                  306.00 0004   09     MEM   
   1664  05     0246  2503010199     S           1009.45 0004   09     O/C   
   1455  05     0112  210101020101               3050.00 0005   09     PLA   
   1420  05     0082  210101020102                360.00 0005   09     PLA   
   1311  05     0003  2103010105                  306.00 0005   09     INF   
   1533  05     0163  2301080201     S            405.00 0005   09     O/C   
   1555  05     0182  2301080201     S            750.00 0005   09     O/C   
   1650  05     0232  2301080201     S           1607.20 0005   09     O/C   
   1641  05     0224  2302020201     S             91.48 0005   09     O/S   
   1642  05     0224  2302020201     S            149.15 0005   09     O/S   
   1429  05     0091  2302020401     N            150.00 0005   09     O/S   
   1517  05     0149  2302020404     S           1993.00 0005   09     O/S   
   2088  05     0256  2302060201                  318.25 0005   09     N/C   
   1430  05     0092  2302071199     N            550.00 0005   09     O/S   
   1549  05     0176  2302071199     N            230.00 0005   09     O/S   
   1632  05     0217  2302071199     S            603.00 0005   09     H/T   
   1370  05     0034  2302080101     N            600.00 0005   09     O/S   
   1378  05     0042  2302080101     N            600.00 0005   09     O/S   
   1379  05     0043  2302080101     N            550.00 0005   09     O/S   
   1380  05     0044  2302080101     N            550.00 0005   09     O/S   
   1384  05     0048  2302080101     N            600.00 0005   09     O/S   
   1387  05     0051  2302080101     N            550.00 0005   09     O/S   
   1388  05     0052  2302080101     N            550.00 0005   09     O/S   
   1389  05     0053  2302080101     N            550.00 0005   09     O/S   
   1456  05     0112  210101020101               2960.00 0006   09     PLA   
   1421  05     0082  210101020102                145.00 0006   09     PLA   
   1318  05     0003  2103010105                  283.50 0006   09     INF   
   1653  05     0235  2301080201     S           1250.00 0006   09     O/C   
   1547  05     0174  2302020202     S             70.13 0006   09     O/S   
   1518  05     0149  2302020404     S            695.00 0006   09     O/S   
   2083  05     0251  2302060201                  109.50 0006   09     N/C   
   1410  05     0074  2302071199     N           1800.00 0006   09     O/S   
   1465  05     0121  2302071199     N            350.00 0006   09     O/S   
   1374  05     0038  2302080101     N            750.00 0006   09     O/S   
   1383  05     0047  2302080101     N            650.00 0006   09     O/S   
   1392  05     0056  2302080101     N            600.00 0006   09     O/S   
   1393  05     0057  2302080101     N            550.00 0006   09     O/S   
   1394  05     0058  2302080101     N            550.00 0006   09     O/S   
   1405  05     0069  2302080101     N            800.00 0006   09     O/S   
   1457  05     0113  210101020101                720.00 0007   09     PLA   
   1422  05     0083  210101020102                240.00 0007   09     PLA   
   1313  05     0003  2103010105                  153.00 0007   09     INF   
   1529  05     0159  2302020404     S            770.00 0007   09     O/S   
   1396  05     0060  2302070202     N            600.00 0007   09     O/S   
   1413  05     0077  2302071199     N            550.00 0007   09     O/S   
   1386  05     0050  2302080101     N            600.00 0007   09     O/S   
   1409  05     0073  2302080101     N            550.00 0007   09     O/S   
   1458  05     0114  210101020101                720.00 0009   09     PLA   
   1423  05     0084  210101020102                 45.00 0009   09     PLA   
   1310  05     0003  2103010105                  285.30 0009   09     INF   
   1349  05     0016  2301010101                  580.60 0009   09     INF   
   1355  05     0019  2301010101     N            577.74 0009   09     O/C   
   1367  05     0031  2301010101     N           2941.70 0009   09     O/C   
   1492  05     0139  2301010101                  643.80 0009   09     INF   
   1562  05     0189  2301010101                  741.70 0009   09     INF   
   1690  05     0248  2301010101     N           1367.60 0009   09     O/C   
   1651  05     0233  2301020101     N            368.00 0009   09     O/C   
   1351  05     0016  2301030101                   54.00 0009   09     INF   
   1494  05     0139  2301030101                   55.00 0009   09     INF   
   1551  05     0178  2301030101     N           1050.00 0009   09     O/C   
   1564  05     0189  2301030101                   54.00 0009   09     INF   
   1617  05     0205  2301050302                  991.90 0009   09     H/T   
   1352  05     0016  2301070101                   49.70 0009   09     INF   
   1432  05     0094  2301070101     N            270.00 0009   09     O/S   
   1495  05     0139  2301070101                   53.50 0009   09     INF   
   1565  05     0189  2301070101                   23.90 0009   09     INF   
   1350  05     0016  2302010299                   28.00 0009   09     INF   
   1493  05     0139  2302010299                   32.00 0009   09     INF   
   1563  05     0189  2302010299                   33.00 0009   09     INF   
   1472  05     0127  2302020101     N            500.60 0009   09     O/S   
   1438  05     0100  2302020102     N            281.90 0009   09     O/S   
   1552  05     0179  2302020202     N             37.99 0009   09     O/S   
   1515  05     0147  2302020404     N            333.00 0009   09     O/S   
   2089  05     0257  2302060201                   64.00 0009   09     N/C   
   1648  05     0230  2302071199     N            550.00 0009   09     O/S   
   1692  05     0250  2302071199     N            201.63 0009   09     O/S   
   1395  05     0059  2302080101     N            770.00 0009   09     O/S   
   1399  05     0063  2302080101     N            600.00 0009   09     O/S   
   1401  05     0065  2302080101     N            600.00 0009   09     O/S   
   1402  05     0066  2302080101     N            600.00 0009   09     O/S   
   1403  05     0067  2302080101     N            600.00 0009   09     O/S   
   1606  05     0197  2101010102                  713.19 0011   09     PLA   
   1459  05     0115  210101020101               1840.00 0011   09     PLA   
   1424  05     0085  210101020102                195.00 0011   09     PLA   
   1609  05     0198  210301010101                 61.49 0011   09     PLA   
   1314  05     0003  2103010105                   81.00 0011   09     INF   
   1466  05     0122  2301030101     N             55.73 0011   09     O/C   
   1629  05     0215  2301030101     N            274.80 0011   09     O/C   
   1630  05     0215  2301030103     N             25.50 0011   09     O/C   
   1500  05     0140  2301070101                  258.00 0011   09     INF   
   1503  05     0140  2301070101                   30.00 0011   09     INF   
   1364  05     0028  2301990101     N            202.10 0011   09     O/C   
   1358  05     0023  230199019902   N           9090.00 0011   09     O/C   
   1505  05     0141  230199019902               2727.00 0011   09     O/C   
   1496  05     0140  230201020103                136.50 0011   09     INF   
   1499  05     0140  230201020103                100.00 0011   09     INF   
   1501  05     0140  230201020103                 35.00 0011   09     INF   
   1502  05     0140  230201020103                466.00 0011   09     INF   
   1645  05     0227  2302020201     N             62.63 0011   09     O/S   
   1548  05     0175  2302020202     N             64.90 0011   09     O/S   
   1497  05     0140  2302020402     S            325.00 0011   09     INF   
   1498  05     0140  2302020402     S             65.00 0011   09     INF   
   1504  05     0140  2302020404                   33.20 0011   09     INF   
   1516  05     0148  2302020404     N            830.00 0011   09     O/S   
   1656  05     0238  2302040104     N            210.00 0011   09     O/S   
   2092  05     0260  2302060201                  143.75 0011   09     N/C   
   1354  05     0018  2302071199     N            290.20 0011   09     O/S   
   1464  05     0120  2302071199     N             84.20 0011   09     O/S   
   1623  05     0211  2302071199     N            368.40 0011   09     O/S   
   1658  05     0240  2302071199     N            120.00 0011   09     O/S   
   1659  05     0241  2302071199     N             90.00 0011   09     O/S   
   1385  05     0049  2302080101     N            900.00 0011   09     O/S   
   1607  05     0197  2101010102                  680.97 0012   09     PLA   
   1451  05     0110  210101020101               6840.00 0012   09     PLA   
   1418  05     0080  210101020102                405.00 0012   09     PLA   
   1610  05     0198  210301010101                 58.59 0012   09     PLA   
   1309  05     0003  2103010105                  216.00 0012   09     INF   
   1359  05     0022  2301059999     N            195.00 0012   09     O/C   
   1431  05     0093  2301110101     N            200.00 0012   09     O/S   
   1473  05     0128  2302020101     N            357.30 0012   09     O/S   
   1439  05     0101  2302020102     N           1989.60 0012   09     O/S   
   1643  05     0225  2302020201     N            124.75 0012   09     O/S   
   1537  05     0166  2302020202     N             70.48 0012   09     O/S   
   2085  05     0253  2302060201                  225.21 0012   09     N/C   
   1319  05     0004  2302071102     N            140.00 0012   09     O/S   
   1373  05     0037  2302080101     N            600.00 0012   09     O/S   
   1375  05     0039  2302080101     N            600.00 0012   09     O/S   
   1376  05     0040  2302080101     N            600.00 0012   09     O/S   
   1406  05     0070  2302080101     N            600.00 0012   09     O/S   
   1321  05     0005  2505020199                  525.20 0012   09     RD    
   1445  05     0106  2505020199                  606.00 0012   09     RPD   
   1612  05     0200  2505020199                  303.00 0012   09     RD    
   1613  05     0201  2505020199                  282.80 0012   09     RD    
   1454  05     0111  210101020101                720.00 0013   09     PLA   
   2086  05     0254  2302060201                  217.50 0013   09     N/C   
   1452  05     0110  210101020101               1090.00 0014   09     PLA   
   1312  05     0003  2103010105                  163.80 0014   09     INF   
   1441  05     0102  2302020102     S            305.80 0014   09     O/S   
   1506  05     0142  2302020102     S            122.10 0014   09     O/S   
   1507  05     0143  2302020102     S            565.30 0014   09     O/S   
   1532  05     0162  2302020201     S             45.00 0014   09     O/S   
   1649  05     0231  2302040199     N            100.00 0014   09     O/S   
   1381  05     0045  2302080101     N            600.00 0014   09     O/S   
   1398  05     0062  2302080101     N            600.00 0014   09     O/S   
   1404  05     0068  2302080101     N            620.00 0014   09     O/S   
   1448  05     0109  2504030201                 6233.60 0014   09     H/T   
   1540  05     0169  2602039903                11522.59 0016   09     PLA   
   1541  05     0170  2602039903                  874.00 0016   09     PLA   
   1361  05     0025  2602039904     N          11858.00 0016   09     O/C   
   1362  05     0026  2602039904     N           8468.10 0016   09     O/C   
   1363  05     0027  2602039904     N          20750.00 0016   09     O/C   
   1437  05     0099  2602039904     N            590.66 0016   09     O/C   
   1542  05     0171  2602039904                  300.00 0016   09     INF   
   1550  05     0177  2602039904     N          13150.00 0016   09     O/C   
   1620  05     0208  2602039904     N           2152.95 0016   09     O/C   
   1621  05     0209  2602039904     N            515.00 0016   09     O/C   
   1366  05     0030  2602039905     N           1320.00 0016   09     O/S   
   1543  05     0171  2602039905     S            389.25 0016   09     INF   
   1581  05     0195  2101010102                 1293.29 0001   13     PLA   
   1588  05     0195  2101010102                  917.21 0001   13     PLA   
   1535  05     0144  210301010101                  2.85 0001   13     PLA   
   1593  05     0196  210301010101                109.65 0001   13     PLA   
   1600  05     0196  210301010101                 79.85 0001   13     PLA   
   1582  05     0195  2101010102                12323.83 0003   13     PLA   
   1508  05     0144  210301010101                  9.98 0003   13     PLA   
   1594  05     0196  210301010101               1047.95 0003   13     PLA   
   1583  05     0195  2101010102                 3027.97 0004   13     PLA   
   1595  05     0196  210301010101                256.77 0004   13     PLA   
   1584  05     0195  2101010102                 4786.21 0005   13     PLA   
   1509  05     0144  210301010101                  2.42 0005   13     PLA   
   1596  05     0196  210301010101                402.03 0005   13     PLA   
   1585  05     0195  2101010102                 3847.98 0006   13     PLA   
   1510  05     0144  210301010101                  2.25 0006   13     PLA   
   1597  05     0196  210301010101                328.76 0006   13     PLA   
   1586  05     0195  2101010102                  728.56 0007   13     PLA   
   1598  05     0196  210301010101                 62.42 0007   13     PLA   
   1587  05     0195  2101010102                  591.51 0009   13     PLA   
   1599  05     0196  210301010101                 49.64 0009   13     PLA   
   1536  05     0165  2201010101                11898.55 0010   13     PLA   
   1589  05     0195  2101010102                 1324.91 0011   13     PLA   
   1601  05     0196  210301010101                112.94 0011   13     PLA   
   1590  05     0195  2101010102                 8537.15 0012   13     PLA   
   1511  05     0144  210301010101                  6.00 0012   13     PLA   
   1602  05     0196  210301010101                729.62 0012   13     PLA   
   1425  05     0086  2101010102                  445.53 0013   13     RD    
   1592  05     0195  2101010102                  917.21 0013   13     PLA   
   1512  05     0144  210301010101                 25.55 0013   13     PLA   
   1603  05     0196  210301010101                 79.85 0013   13     PLA   
   1591  05     0195  2101010102                 1508.24 0014   13     PLA   
   1604  05     0196  210301010101                127.19 0014   13     PLA   
   1809  06     0089  210101020101               3620.00 0001   09     MEM   
   1751  06     0051  210101020102                300.00 0001   09     MEM   
   1679  06     0012  210101020103                600.00 0001   09     MEM   
   1800  06     0081  2101100101                  520.00 0001   09     MEM   
   2016  06     0231  2101100101                  520.00 0001   09     MEM   
   2048  06     0253  2101100101                  520.00 0001   09     MEM   
   1797  06     0078  2101100102                  400.00 0001   09     MEM   
   1798  06     0079  2101100102                  400.00 0001   09     MEM   
   1799  06     0080  2101100102                  400.00 0001   09     MEM   
   1805  06     0085  2101100102                  400.00 0001   09     MEM   
   2017  06     0232  2101100102                  400.00 0001   09     MEM   
   2018  06     0233  2101100102                  400.00 0001   09     MEM   
   2019  06     0234  2101100102                  400.00 0001   09     MEM   
   2020  06     0235  2101100102                  400.00 0001   09     MEM   
   2049  06     0254  2101100102                  400.00 0001   09     MEM   
   2050  06     0255  2101100102                  400.00 0001   09     MEM   
   2051  06     0256  2101100102                  400.00 0001   09     MEM   
   1970  06     0201  2102010101     S            302.00 0001   09     O/C   
   1973  06     0202  2102010101     S            169.00 0001   09     O/C   
   1976  06     0203  2102010101     S            238.00 0001   09     O/C   
   2111  06     0201  2102010101                   88.00 0001   09     H/M   
   1780  06     0066  2103010105                  117.00 0001   09     INF   
   2044  06     0251  2103010105                  117.00 0001   09     H/T   
   1890  06     0158  2301030101     S            412.20 0001   09     O/C   
   2060  06     0263  2301030101     S            446.55 0001   09     O/C   
   1886  06     0156  230201020101   S            787.12 0001   09     O/S   
   1887  06     0156  230201020101   S            787.12 0001   09     O/S   
   1804  06     0084  230201020103                300.00 0001   09     MEM   
   1802  06     0083  230201020201                731.00 0001   09     MEM   
   1964  06     0196  230201020201                250.00 0001   09     H/T   
   1801  06     0082  230201020203                615.00 0001   09     MEM   
   1803  06     0084  230201020203                389.00 0001   09     MEM   
   2055  06     0258  230201020203                540.00 0001   09     H/T   
   1999  06     0220  2302020201     S             47.21 0001   09     O/S   
   2001  06     0222  2302020201     S            183.73 0001   09     O/S   
   1873  06     0147  2302020401     N            150.00 0001   09     O/S   
   1833  06     0107  2302020403     N           1500.00 0001   09     O/S   
   1795  06     0076  2302020404     S            120.00 0001   09     O/S   
   1866  06     0140  2302080101     N            600.00 0001   09     O/S   
   1869  06     0143  2302080101     N            700.00 0001   09     O/S   
   1835  06     0109  2302070202     N           2000.00 0002   09     O/S   
   1960  06     0194  2101010102                  859.43 0003   09     PLA   
   1961  06     0194  2101010102                  555.01 0003   09     PLA   
   1810  06     0089  210101020101              16777.00 0003   09     MEM   
   1752  06     0051  210101020102               1545.00 0003   09     MEM   
   1680  06     0012  210101020103               4600.00 0003   09     MEM   
   1971  06     0201  2102010101     S           1963.00 0003   09     O/C   
   1974  06     0202  2102010101     S           1352.00 0003   09     O/C   
   1977  06     0203  2102010101     S           1904.00 0003   09     O/C   
   2110  06     0201  2102010101                  572.00 0003   09     H/M   
   1962  06     0195  210301010101                121.90 0003   09     PLA   
   1772  06     0066  2103010105                  499.95 0003   09     INF   
   1782  06     0066  2103010105                  187.20 0003   09     INF   
   2036  06     0251  2103010105                  499.95 0003   09     H/T   
   2046  06     0251  2103010105                  187.20 0003   09     H/T   
   1718  06     0032  2301010101                  367.30 0003   09     RNF   
   1823  06     0098  2301010101     S            233.70 0003   09     O/C   
   1926  06     0191  2301010101                  445.20 0003   09     RNF   
   2069  06     0269  2301010101                  165.80 0003   09     RNF   
   2061  06     0263  2301030101     S            448.36 0003   09     O/C   
   2070  06     0269  2301030101                   50.00 0003   09     RNF   
   2058  06     0261  2301030103     S            102.50 0003   09     O/C   
   2062  06     0263  2301030103     S             68.50 0003   09     O/C   
   1719  06     0032  2301050102                   12.50 0003   09     RNF   
   1927  06     0191  2301050102                  135.50 0003   09     RNF   
   2056  06     0259  2301050102     N            140.00 0003   09     O/C   
   2071  06     0269  2301050102                   46.11 0003   09     RNF   
   1720  06     0032  2301050401                   27.00 0003   09     RNF   
   1796  06     0077  2301050401     S            864.90 0003   09     O/C   
   2072  06     0269  2301050401                    2.00 0003   09     RNF   
   2094  06     0272  2301050401     S            146.90 0003   09     O/C   
   1721  06     0032  2301059999                    6.00 0003   09     RNF   
   2073  06     0269  2301059999                   39.90 0003   09     RNF   
   1928  06     0191  2301060101                   92.00 0003   09     RNF   
   1722  06     0032  2301070101                   17.50 0003   09     RNF   
   1723  06     0032  2301070101                  162.00 0003   09     RNF   
   1733  06     0035  2301070101     N            150.00 0003   09     O/C   
   1741  06     0043  2301070101     S            530.00 0003   09     O/C   
   1792  06     0073  2301070101     N            545.00 0003   09     O/C   
   1874  06     0100  2301070101     S           2150.00 0003   09     O/C   
   1929  06     0191  2301070101                   79.30 0003   09     RNF   
   2074  06     0269  2301070101                  272.00 0003   09     RNF   
   2075  06     0269  2301070101                  118.20 0003   09     RNF   
   1724  06     0032  230199019999                 78.90 0003   09     RNF   
   2005  06     0224  230199019999   S            120.00 0003   09     O/C   
   1745  06     0047  230201020103                200.00 0003   09     H/T   
   1747  06     0048  230201020103                200.00 0003   09     H/T   
   1746  06     0047  230201020203                667.00 0003   09     H/T   
   1748  06     0048  230201020203                569.00 0003   09     H/T   
   1771  06     0065  230201020203                360.00 0003   09     H/T   
   1965  06     0197  230201020203                210.00 0003   09     H/T   
   1966  06     0198  230201020203                360.00 0003   09     H/T   
   1725  06     0032  2302010299                  386.00 0003   09     RNF   
   1743  06     0045  2302010299                 1890.00 0003   09     PLA   
   1930  06     0191  2302010299                  353.00 0003   09     RNF   
   2076  06     0269  2302010299                  698.00 0003   09     RNF   
   1888  06     0157  2302020101     S           1154.80 0003   09     O/S   
   1889  06     0157  2302020101     S            307.70 0003   09     O/S   
   2077  06     0269  2302020101                    0.80 0003   09     RNF   
   1826  06     0101  2302020102     S            720.00 0003   09     O/S   
   2002  06     0222  2302020201     S            441.73 0003   09     O/S   
   1910  06     0175  2302020202     S            744.54 0003   09     O/S   
   2033  06     0248  2302020202     S             50.01 0003   09     O/S   
   1893  06     0159  2302020301     S            404.89 0003   09     O/S   
   1726  06     0032  2302020401                   50.00 0003   09     RNF   
   2078  06     0269  2302020401                  100.00 0003   09     RNF   
   1737  06     0039  2302020404     S            569.81 0003   09     O/S   
   1764  06     0061  2302020404     N            417.00 0003   09     O/S   
   1727  06     0032  2302040101                   55.00 0003   09     RNF   
   1931  06     0191  2302040101                   90.00 0003   09     RNF   
   2079  06     0269  2302040101                   50.00 0003   09     RNF   
   1878  06     0151  2302040103     S             25.00 0003   09     O/S   
   1704  06     0019  2302040104     N            170.00 0003   09     O/S   
   1728  06     0032  2302040104                   24.00 0003   09     RNF   
   1932  06     0191  2302040104                   72.00 0003   09     RNF   
   2004  06     0223  2302040199     S            273.00 0003   09     O/S   
   1933  06     0191  2302060102                   20.00 0003   09     RNF   
   2305  06     0286  2302060201                  174.25 0003   09     N/C   
   2309  06     0290  2302060201                   27.50 0003   09     N/C   
   2313  06     0294  2302060201                   10.00 0003   09     N/C   
   1675  06     0008  2302070202     N           1500.00 0003   09     O/S   
   1909  06     0174  2302070202     N           1500.00 0003   09     O/S   
   2032  06     0247  2302070202     N           1000.00 0003   09     O/S   
   2035  06     0250  2302070202     N            800.00 0003   09     O/S   
   2400  06     0174  2302070202                 1500.00 0003   09     H/M   
   1744  06     0046  2302070301     S            778.00 0003   09     O/S   
   1793  06     0074  2302070301     N            420.00 0003   09     O/S   
   1807  06     0087  2302070301     S           1620.00 0003   09     O/S   
   1760  06     0057  2302070502                 2373.00 0003   09     INF   
   1703  06     0018  2302071199     N           1500.00 0003   09     O/S   
   1729  06     0032  2302071199                  236.70 0003   09     RNF   
   2030  06     0245  2302071199     N            800.00 0003   09     O/S   
   2080  06     0269  2302071199                  209.40 0003   09     RNF   
   2100  06     0277  2302071199     N            184.80 0003   09     O/S   
   1834  06     0108  2302080101     N            825.00 0003   09     O/S   
   1837  06     0111  2302080101     N            800.00 0003   09     O/S   
   1844  06     0118  2302080101     N           1400.00 0003   09     O/S   
   1851  06     0125  2302080101     N           1700.00 0003   09     O/S   
   1852  06     0126  2302080101     N           1000.00 0003   09     O/S   
   1859  06     0133  2302080101     N            700.00 0003   09     O/S   
   1870  06     0144  2302080101     N            800.00 0003   09     O/S   
   2028  06     0243  2302080101     N            650.00 0003   09     O/S   
   1825  06     0100  2603020302     S          22450.00 0003   09     O/C   
   1813  06     0090  210101020101               2460.00 0004   09     MEM   
   1753  06     0052  210101020102                585.00 0004   09     MEM   
   1683  06     0013  210101020103                600.00 0004   09     MEM   
   1980  06     0205  2102010101     S            338.00 0004   09     O/C   
   1986  06     0210  2102010101     S            238.00 0004   09     O/C   
   1993  06     0215  2102010101     S            453.00 0004   09     O/C   
   2113  06     0215  2102010101                  132.00 0004   09     H/M   
   1781  06     0066  2103010105                  121.50 0004   09     INF   
   2045  06     0251  2103010105                  121.50 0004   09     H/T   
   1767  06     0064  2301010101                  761.50 0004   09     H/T   
   1879  06     0152  2301010101                  734.70 0004   09     INF   
   1769  06     0064  2301030101                   54.00 0004   09     H/T   
   1881  06     0152  2301030101                   88.50 0004   09     INF   
   1891  06     0158  2301030101     S            652.16 0004   09     O/C   
   1892  06     0158  2301030103     S             83.10 0004   09     O/C   
   1770  06     0064  2301070101                   24.20 0004   09     H/T   
   1882  06     0152  2301070101                   36.20 0004   09     INF   
   1768  06     0064  2302010299                   43.00 0004   09     H/T   
   1880  06     0152  2302010299                   35.00 0004   09     INF   
   2003  06     0222  2302020201     S             75.45 0004   09     O/S   
   1850  06     0124  2302080101     N            550.00 0004   09     O/S   
   1854  06     0128  2302080101     N            800.00 0004   09     O/S   
   1669  06     0002  2503010199                  300.00 0004   09     MEM   
   1670  06     0003  2503010199                  200.00 0004   09     MEM   
   1677  06     0010  2503010199                    0.00 0004   09     MEM   
   1678  06     0011  2503010199                  200.00 0004   09     MEM   
   1707  06     0021  2503010199                  200.00 0004   09     RPD   
   1708  06     0022  2503010199                  250.00 0004   09     RPD   
   1712  06     0026  2503010199                  180.00 0004   09     MEM   
   1713  06     0027  2503010199                  260.00 0004   09     MEM   
   1716  06     0030  2503010199                  188.00 0004   09     MEM   
   1717  06     0031  2503010199                  188.00 0004   09     MEM   
   1730  06     0032  2503010199                  278.00 0004   09     RNF   
   1731  06     0033  2503010199                  175.00 0004   09     H/T   
   1734  06     0036  2503010199     N            270.00 0004   09     O/C   
   1749  06     0049  2503010199                  240.00 0004   09     MEM   
   1750  06     0050  2503010199                  188.00 0004   09     MEM   
   1761  06     0058  2503010199                  188.00 0004   09     MEM   
   1762  06     0059  2503010199                  188.00 0004   09     MEM   
   1783  06     0067  2503010199                  188.00 0004   09     MEM   
   1784  06     0068  2503010199                  260.00 0004   09     MEM   
   1788  06     0049  2503010199                  240.00 0004   09     H/M   
   1789  06     0070  2503010199                  240.00 0004   09     MEM   
   1790  06     0071  2503010199                 1000.00 0004   09     MEM   
   1806  06     0086  2503010199                  300.00 0004   09     MEM   
   1808  06     0088  2503010199                  188.00 0004   09     MEM   
   1872  06     0146  2503010199     S           2149.14 0004   09     O/C   
   1875  06     0148  2503010199                  180.00 0004   09     MEM   
   1883  06     0153  2503010199     N            217.50 0004   09     O/C   
   1904  06     0169  2503010199                  188.00 0004   09     MEM   
   1905  06     0170  2503010199                  375.00 0004   09     MEM   
   1915  06     0180  2503010199                  190.00 0004   09     MEM   
   1916  06     0181  2503010199                  188.00 0004   09     MEM   
   1917  06     0182  2503010199                  260.00 0004   09     MEM   
   1925  06     0190  2503010199                  190.00 0004   09     MEM   
   1934  06     0191  2503010199                  114.50 0004   09     RNF   
   1935  06     0191  2503010199                  126.90 0004   09     RNF   
   2006  06     0225  2503010199                   85.00 0004   09     H/T   
   2007  06     0226  2503010199                  300.00 0004   09     MEM   
   2015  06     0230  2503010199                  188.00 0004   09     MEM   
   2025  06     0240  2503010199                  260.00 0004   09     MEM   
   2026  06     0241  2503010199                  443.22 0004   09     MEM   
   2027  06     0242  2503010199                  188.00 0004   09     MEM   
   2047  06     0252  2503010199                  400.00 0004   09     MEM   
   2066  06     0266  2503010199                  310.00 0004   09     MEM   
   2081  06     0269  2503010199                  100.00 0004   09     RNF   
   2082  06     0270  2503010199                  188.00 0004   09     MEM   
   3275  06     0002  2503010199                  300.00 0004   09     H/M   
   1815  06     0091  210101020101               3064.00 0005   09     MEM   
   1754  06     0052  210101020102                315.00 0005   09     MEM   
   1685  06     0014  210101020103               1000.00 0005   09     MEM   
   1981  06     0206  2102010101     S            338.00 0005   09     O/C   
   1988  06     0211  2102010101     S            476.00 0005   09     O/C   
   1994  06     0216  2102010101     S            604.00 0005   09     O/C   
   2106  06     0216  2102010101                  176.00 0005   09     H/M   
   1776  06     0066  2103010105                  306.00 0005   09     INF   
   2040  06     0251  2103010105                  306.00 0005   09     H/T   
   1968  06     0200  2301020101     S            123.00 0005   09     O/C   
   1740  06     0042  2301080201     S            594.00 0005   09     O/C   
   2096  06     0273  230201020103                 30.00 0005   09     H/T   
   2095  06     0273  230201020203                360.00 0005   09     H/T   
   2008  06     0227  2302020201     S             86.05 0005   09     O/S   
   2009  06     0227  2302020201     S            148.67 0005   09     O/S   
   2310  06     0291  2302060201                  219.25 0005   09     N/C   
   1671  06     0004  2302071199     N            550.00 0005   09     O/S   
   1907  06     0172  2302071199     N            230.00 0005   09     O/S   
   1918  06     0183  2302071199     N            500.00 0005   09     O/S   
   2097  06     0274  2302071199     S            501.00 0005   09     H/T   
   1855  06     0129  2302080101     N            600.00 0005   09     O/S   
   1856  06     0130  2302080101     N            550.00 0005   09     O/S   
   1857  06     0131  2302080101     N            550.00 0005   09     O/S   
   1860  06     0134  2302080101     N            600.00 0005   09     O/S   
   1863  06     0137  2302080101     N            550.00 0005   09     O/S   
   1864  06     0138  2302080101     N            550.00 0005   09     O/S   
   1865  06     0139  2302080101     N            550.00 0005   09     O/S   
   1871  06     0145  2302080101     N            600.00 0005   09     O/S   
   1816  06     0091  210101020101               2960.00 0006   09     MEM   
   1755  06     0053  210101020102                195.00 0006   09     MEM   
   1686  06     0014  210101020103               1200.00 0006   09     MEM   
   1982  06     0206  2102010101     S            169.00 0006   09     O/C   
   1989  06     0211  2102010101     S            238.00 0006   09     O/C   
   1995  06     0216  2102010101     S            755.00 0006   09     O/C   
   2107  06     0216  2102010101                  220.00 0006   09     H/M   
   1775  06     0066  2103010105                  283.50 0006   09     INF   
   2039  06     0251  2103010105                  283.50 0006   09     H/T   
   1969  06     0200  2301020101     S            369.00 0006   09     O/C   
   1706  06     0020  2302040104     N            580.00 0006   09     O/S   
   1794  06     0075  2302071199     N            350.00 0006   09     O/S   
   1824  06     0099  2302071199     N           1800.00 0006   09     O/S   
   1831  06     0105  2302080101     N            800.00 0006   09     O/S   
   1838  06     0112  2302080101     N            600.00 0006   09     O/S   
   1839  06     0113  2302080101     N            550.00 0006   09     O/S   
   1841  06     0115  2302080101     N            550.00 0006   09     O/S   
   1868  06     0142  2302080101     N            750.00 0006   09     O/S   
   1817  06     0092  210101020101                720.00 0007   09     MEM   
   1756  06     0054  210101020102                165.00 0007   09     MEM   
   1687  06     0015  210101020103                200.00 0007   09     MEM   
   1996  06     0217  2102010101     S            151.00 0007   09     O/C   
   2108  06     0217  2102010101                   44.00 0007   09     H/M   
   1778  06     0066  2103010105                  153.00 0007   09     INF   
   2042  06     0251  2103010105                  153.00 0007   09     H/T   
   2304  06     0285  2302060201                  118.50 0007   09     N/C   
   1845  06     0119  2302070202     N            600.00 0007   09     O/S   
   1832  06     0106  2302080101     N            550.00 0007   09     O/S   
   1862  06     0136  2302080101     N            600.00 0007   09     O/S   
   1818  06     0093  210101020101                510.00 0009   09     MEM   
   1688  06     0016  210101020103                200.00 0009   09     MEM   
   1983  06     0207  2102010101     N            169.00 0009   09     O/C   
   1990  06     0212  2102010101     N            238.00 0009   09     O/C   
   1774  06     0066  2103010105                  285.30 0009   09     INF   
   2038  06     0251  2103010105                  285.30 0009   09     H/T   
   1320  06     0001  2301010101                  615.70 0009   09     RD    
   1739  06     0041  2301010101     N           3197.50 0009   09     O/C   
   1821  06     0096  2301010101     N           1100.90 0009   09     O/C   
   1822  06     0097  2301010101     N            556.88 0009   09     O/C   
   2011  06     0229  2301010101                  750.50 0009   09     H/T   
   2128  06     0283  2301010101     N           3197.50 0009   09     O/C   
   1667  06     0001  2301030101                   64.00 0009   09     H/T   
   2013  06     0229  2301030101                   55.00 0009   09     H/T   
   1668  06     0001  2301070101                   55.30 0009   09     H/T   
   2014  06     0229  2301070101                   49.40 0009   09     H/T   
   1666  06     0001  2302010299                   41.00 0009   09     H/T   
   2012  06     0229  2302010299                   45.00 0009   09     H/T   
   1885  06     0155  2302020101     N            725.00 0009   09     O/S   
   1829  06     0103  2302020102     N            281.90 0009   09     O/S   
   2010  06     0228  2302020202     S             78.11 0009   09     O/S   
   2034  06     0249  2302020202     N             37.99 0009   09     O/S   
   2052  06     0257  2302040101                  569.92 0009   09     O/C   
   2101  06     0278  2302040101     N            350.00 0009   09     O/S   
   2102  06     0279  2302040101     N            550.00 0009   09     O/S   
   2311  06     0292  2302060201                   72.50 0009   09     N/C   
   1836  06     0110  2302071199     N            550.00 0009   09     O/S   
   1900  06     0165  2302071199     N            800.00 0009   09     O/S   
   1840  06     0114  2302080101     N            770.00 0009   09     O/S   
   1842  06     0116  2302080101     N            600.00 0009   09     O/S   
   1847  06     0121  2302080101     N            600.00 0009   09     O/S   
   1848  06     0122  2302080101     N            600.00 0009   09     O/S   
   1849  06     0123  2302080101     N            600.00 0009   09     O/S   
   2053  06     0194  2101010102                  713.19 0011   09     PLA   
   1819  06     0094  210101020101               1840.00 0011   09     MEM   
   1689  06     0017  210101020103                600.00 0011   09     MEM   
   1984  06     0208  2102010101     N            507.00 0011   09     O/C   
   1991  06     0213  2102010101     N            714.00 0011   09     O/C   
   1963  06     0195  210301010101                 61.49 0011   09     PLA   
   1779  06     0066  2103010105                   81.00 0011   09     INF   
   2043  06     0251  2103010105                   81.00 0011   09     H/T   
   1894  06     0160  2301030101     N            183.20 0011   09     O/C   
   2063  06     0264  2301030101     N             57.25 0011   09     O/C   
   1895  06     0160  2301030103     N              8.30 0011   09     O/C   
   2064  06     0264  2301030103     N             26.00 0011   09     O/C   
   1898  06     0163  2301050401     N            254.40 0011   09     O/C   
   1676  06     0009  230199019901   N          10260.00 0011   09     O/C   
   1736  06     0038  230199019902   N           5454.00 0011   09     O/C   
   1998  06     0219  2302020201     S             62.33 0011   09     O/S   
   1912  06     0177  2302020202     N             64.90 0011   09     O/S   
   2031  06     0246  2302020402     S            350.00 0011   09     O/S   
   1913  06     0178  2302020404     N            140.00 0011   09     O/S   
   2308  06     0289  2302060201                   51.75 0011   09     N/C   
   1763  06     0060  2302060303     N            600.00 0011   09     O/S   
   1715  06     0029  2302071199     N            379.90 0011   09     O/S   
   1914  06     0179  2302071199     N             45.90 0011   09     O/S   
   2023  06     0238  2302071199     N            397.45 0011   09     O/S   
   2103  06     0280  2302071199     N             60.00 0011   09     O/S   
   2104  06     0281  2302071199     N            150.00 0011   09     O/S   
   1861  06     0135  2302080101     N            900.00 0011   09     O/S   
   2054  06     0194  2101010102                  680.97 0012   09     PLA   
   1811  06     0089  210101020101               6630.00 0012   09     MEM   
   1757  06     0055  210101020102                405.00 0012   09     MEM   
   1681  06     0012  210101020103               2600.00 0012   09     MEM   
   1985  06     0209  2102010101     N           2028.00 0012   09     O/C   
   1992  06     0214  2102010101     N           1701.00 0012   09     O/C   
   1997  06     0218  2102010101     N            302.00 0012   09     O/C   
   2109  06     0218  2102010101                   88.00 0012   09     H/M   
   2160  06     0195  210301010101                 58.59 0012   09     PLA   
   1773  06     0066  2103010105     N            216.00 0012   09     INF   
   2037  06     0251  2103010105                  216.00 0012   09     H/T   
   1979  06     0204  2301020101     N           1476.00 0012   09     O/C   
   2024  06     0239  2301020101     N            984.00 0012   09     O/C   
   2057  06     0260  2301110105     N            390.00 0012   09     O/C   
   1884  06     0154  2302020101     S            318.20 0012   09     O/S   
   1828  06     0102  2302020102     N           1989.60 0012   09     O/S   
   2000  06     0221  2302020201     N            123.08 0012   09     O/S   
   1906  06     0171  2302020202     N             55.98 0012   09     O/S   
   2306  06     0287  2302060201                   55.06 0012   09     N/C   
   1672  06     0005  2302071199     N            240.00 0012   09     O/S   
   1673  06     0006  2302071199     N            240.00 0012   09     O/S   
   1674  06     0007  2302071199     N            240.00 0012   09     O/S   
   1899  06     0164  2302071199     N            550.00 0012   09     O/S   
   1908  06     0173  2302071199     N            550.00 0012   09     O/S   
   1919  06     0184  2302071199     N            240.00 0012   09     O/S   
   1920  06     0185  2302071199     N            240.00 0012   09     O/S   
   1921  06     0186  2302071199     N            240.00 0012   09     O/S   
   1922  06     0187  2302071199     N             60.00 0012   09     O/S   
   1923  06     0188  2302071199     N             60.00 0012   09     O/S   
   1924  06     0189  2302071199     N             60.00 0012   09     O/S   
   1830  06     0104  2302080101     N            600.00 0012   09     O/S   
   1853  06     0127  2302080101     N            600.00 0012   09     O/S   
   1867  06     0141  2302080101     N            600.00 0012   09     O/S   
   2067  06     0267  2302080101     N            600.00 0012   09     O/S   
   1759  06     0056  2505020199                  735.00 0012   09     RPD   
   1765  06     0062  2505020199                  363.60 0012   09     RPD   
   1814  06     0090  210101020101                720.00 0013   09     MEM   
   1684  06     0013  210101020103                200.00 0013   09     MEM   
   1987  06     0210  2102010101     S            238.00 0013   09     O/C   
   2307  06     0288  2302060201                  215.50 0013   09     N/C   
   1711  06     0025  2401030104                 1989.26 0013   09     MEM   
   1812  06     0089  210101020101               1020.00 0014   09     MEM   
   1758  06     0055  210101020102                 60.00 0014   09     MEM   
   1682  06     0012  210101020103   N            400.00 0014   09     MEM   
   1972  06     0201  2102010101     S            151.00 0014   09     O/C   
   1975  06     0202  2102010101     S            169.00 0014   09     O/C   
   1978  06     0203  2102010101     S            238.00 0014   09     O/C   
   2112  06     0201  2102010101                   44.00 0014   09     H/M   
   1777  06     0066  2103010105                  163.80 0014   09     INF   
   2041  06     0251  2103010105                  163.80 0014   09     H/T   
   2312  06     0293  2103010105                  681.16 0014   09     N/C   
   2093  06     0271  2301110101     S            291.00 0014   09     O/C   
   1827  06     0101  2302020102     S            305.80 0014   09     O/S   
   1911  06     0176  2302020201     S             50.97 0014   09     O/S   
   2068  06     0268  2302020202     S             50.97 0014   09     O/S   
   2099  06     0276  2302040101     N            500.00 0014   09     O/S   
   1705  06     0019  2302040104     N             70.00 0014   09     O/S   
   1843  06     0117  2302080101     N            600.00 0014   09     O/S   
   1846  06     0120  2302080101     N            620.00 0014   09     O/S   
   1858  06     0132  2302080101     N            600.00 0014   09     O/S   
   1709  06     0023  2602039903                24735.66 0016   09     PLA   
   1710  06     0024  2602039903                 1877.10 0016   09     PLA   
   1902  06     0167  2602039903                22004.50 0016   09     PLA   
   1903  06     0168  2602039903                 1671.99 0016   09     PLA   
   1732  06     0034  2602039904     N           2720.00 0016   09     O/C   
   1735  06     0037  2602039904     N           1081.60 0016   09     O/C   
   1742  06     0044  2602039904     N            279.00 0016   09     O/C   
   1766  06     0063  2602039904     N            170.00 0016   09     O/C   
   1791  06     0072  2602039904     N             80.00 0016   09     O/C   
   1877  06     0150  2602039904     N            360.00 0016   09     O/C   
   1901  06     0166  2602039904                  645.67 0016   09     H/T   
   2029  06     0244  2602039904     N           1200.00 0016   09     O/C   
   2065  06     0265  2602039904     N           2749.50 0016   09     O/C   
   2105  06     0282  2602039904     N           1044.50 0016   09     O/C   
   2137  06     0284  2602039904     N           1040.00 0016   09     O/C   
   2098  06     0275  2602039905     N           1350.00 0016   09     O/S   
   1876  06     0149  2602039904     N           7665.70 0017   09     O/C   
   1896  06     0161  2602039904     N           5512.00 0017   09     O/C   
   1897  06     0162  2602039904                  145.88 0017   09     INF   
   2059  06     0262  2602039904     N            471.40 0017   09     O/C   
   1714  06     0028  2602039905     N            450.00 0017   09     O/S   
   1738  06     0040  2602039905     N          10000.00 0017   09     O/S   
   1936  06     0192  2101010102                 1293.29 0001   13     PLA   
   1943  06     0192  2101010102                  917.21 0001   13     PLA   
   1948  06     0193  210301010101                109.65 0001   13     PLA   
   1955  06     0193  210301010101                 79.85 0001   13     PLA   
   1937  06     0192  2101010102                12028.08 0003   13     PLA   
   1785  06     0069  210301010101                 37.50 0003   13     H/T   
   1949  06     0193  210301010101               1023.13 0003   13     PLA   
   1938  06     0192  2101010102                 3027.97 0004   13     PLA   
   1950  06     0193  210301010101                256.77 0004   13     PLA   
   1939  06     0192  2101010102                 4786.21 0005   13     PLA   
   1786  06     0069  210301010101                  4.67 0005   13     H/T   
   1951  06     0193  210301010101   N            402.03 0005   13     PLA   
   1940  06     0192  2101010102                 3847.98 0006   13     PLA   
   1952  06     0193  210301010101                328.76 0006   13     PLA   
   1941  06     0192  2101010102                  728.56 0007   13     PLA   
   1953  06     0193  210301010101                 62.42 0007   13     PLA   
   1942  06     0192  2101010102                  591.51 0009   13     PLA   
   1954  06     0193  210301010101                 49.64 0009   13     PLA   
   1820  06     0095  2201010101                10643.81 0010   13     PLA   
   2021  06     0236  2202030403                  317.25 0010   13     RPD   
   2022  06     0237  2202030403                  211.50 0010   13     RPD   
   2846  06     0237  2202030403                  211.50 0010   13     H/M   
   1944  06     0192  2101010102                 1324.91 0011   13     PLA   
   1956  06     0193  210301010101                112.94 0011   13     PLA   
   1945  06     0192  2101010102                 8537.15 0012   13     PLA   
   1787  06     0069  210301010101                  6.00 0012   13     H/T   
   1957  06     0193  210301010101                729.62 0012   13     PLA   
   1967  06     0199  2202030402                  362.64 0012   13     RPD   
   1947  06     0192  2101010102                  917.21 0013   13     PLA   
   1959  06     0193  210301010101                 79.85 0013   13     PLA   
   1946  06     0192  2101010102                 1508.24 0014   13     PLA   
   1958  06     0193  210301010101                127.19 0014   13     PLA   
