
Reg. N§  NUMMES NUMOC FECOC      ESTADO CODPRV        VALTOT       ANULTOT HOJCON.NUMMES HOJCON.NUMHC HOJCON.FECHC HOJCON.ESTADO HOJCON.IMPTOT COMPAG.NUMMES COMPAG.NUMCP COMPAG.FECCP COMPAG.ESTADO COMPAG.IMPORT
    309  10     0309  03-10-2011 20     0291         3840.00          0.00 10            0229           27-10-2011 50                  3840.00 11            2371           07-11-2011 10                  3840.00
    310  10     0310  04-10-2011 20     0075         1103.55          0.00 10            0121           14-10-2011 50                  1103.55 10            2241           19-10-2011 10                  1103.55
    311  10     0311  04-10-2011 20     1114         3937.20          0.00 10            0076           07-10-2011 50                  3937.20 10            2240           19-10-2011 10                  3937.20
    312  10     0312  04-10-2011 20     1157         3780.80       2448.38 11            0198           23-11-2011 50                  2448.38 11            2579           25-11-2011 10                  2448.38
    313  10     0313  04-10-2011 20     0485         3468.40          0.00 10            0088           10-10-2011 50                  3468.40 11            2379           08-11-2011 10                  3468.40
    314  10     0314  04-10-2011 20     0116         1040.19          0.00 10            0071           06-10-2011 50                  1040.19 10            2205           14-10-2011 10                  1040.19
    315  10     0315  04-10-2011 22     1157          712.00        484.00 11            0199           23-11-2011 50                   484.00 11            2583           25-11-2011 10                   484.00
    316  10     0316  04-10-2011 20     0116           49.16          0.00 10            0070           06-10-2011 50                    49.16 10            2206           14-10-2011 10                    49.16
    317  10     0317  05-10-2011 20     0109         1181.70          0.00 10            0072           06-10-2011 50                  1181.70 10            2182           10-10-2011 10                  1181.70
    318  10     0318  05-10-2011 20     1155         1440.00          0.00 10            0230           27-10-2011 50                  1440.00 11            2358           07-11-2011 10                  1440.00
    319  10     0319  05-10-2011 20     0696          370.50          0.00 10            0073           06-10-2011 50                   370.50 10            2269           25-10-2011 10                   370.50
    320  10     0320  06-10-2011 20     0269          743.00          0.00 10            0099           12-10-2011 50                   743.00 10            2243           19-10-2011 10                   743.00
    321  10     0321  07-10-2011 20     0075          172.50          0.00 10            0122           14-10-2011 50                   172.50 10            2281           25-10-2011 10                   172.50
    322  10     0322  07-10-2011 20     0021          590.00          0.00 10            0089           10-10-2011 50                   590.00 10            2188           11-10-2011 10                   590.00
    323  10     0323  07-10-2011 20     1151         1440.00          0.00 10            0116           14-10-2011 50                  1440.00 10            2204           14-10-2011 10                  1440.00
    324  10     0324  10-10-2011 20     0013          124.00          0.00 10            0098           12-10-2011 50                   124.00 10            2271           25-10-2011 10                   124.00
    325  10     0325  10-10-2011 20     1167          816.00          0.00 10            0118           14-10-2011 50                   816.00 10            2228           18-10-2011 10                   816.00
    326  10     0326  11-10-2011 20     0075           57.56          0.00 10            0137           18-10-2011 50                    57.56 10            2277           25-10-2011 10                    57.56
    327  10     0327  11-10-2011 20     0079          144.50          0.00 10            0145           19-10-2011 50                   144.50 10            2282           25-10-2011 10                   144.50
    328  10     0328  11-10-2011 20     0291          500.30          0.00 10            0138           18-10-2011 50                   500.30 10            2272           25-10-2011 10                   500.30
    329  10     0329  11-10-2011 20     1114          252.20          0.00 10            0146           19-10-2011 50                   252.20 10            2274           25-10-2011 10                   252.20
    330  10     0330  12-10-2011 21     0981          773.00        773.00 10            0119           14-10-2011 50                   773.00 10            2242           19-10-2011 10                   773.00
    331  10     0331  12-10-2011 20     0116          116.50          0.00 10            0123           14-10-2011 50                   116.50 10            2275           25-10-2011 10                   116.50
    332  10     0332  13-10-2011 20     0075          304.90          0.00 10            0139           18-10-2011 50                   304.90 10            2273           25-10-2011 10                   304.90
    333  10     0333  18-10-2011 20     1186          265.00          0.00 10            0134           17-10-2011 50                   265.00 10            2227           18-10-2011 10                   265.00
    334  10     0334  18-10-2011 20     0075          155.00          0.00 10            0190           26-10-2011 50                   155.00 10            2317           28-10-2011 10                   155.00
    335  10     0335  18-10-2011 20     1170         2048.73       2006.33 12            0186           14-12-2011 50                  2006.33 12            2847           22-12-2011 10                  2006.33
    336  10     0336  19-10-2011 20     1114           67.00          0.00 10            0181           25-10-2011 50                    67.00 10            2298           26-10-2011 10                    67.00
    337  10     0337  19-10-2011 20     0449           89.25          0.00 10            0191           26-10-2011 50                    89.25 10            2318           28-10-2011 10                    89.25
    338  10     0338  20-10-2011 20     0116          972.80          0.00 10            0179           25-10-2011 50                   972.80 10            2301           26-10-2011 10                   972.80
    339  10     0339  20-10-2011 20     0943          550.00          0.00 10            0178           25-10-2011 50                   550.00 10            2300           26-10-2011 10                   550.00
    340  10     0340  21-10-2011 20     0269         1620.00          0.00 10            0165           24-10-2011 50                  1620.00 10            2264           25-10-2011 10                  1620.00
    341  10     0341  21-10-2011 20     0279          760.00          0.00 10            0193           26-10-2011 50                   760.00 10            2319           28-10-2011 10                   760.00
    342  10     0342  24-10-2011 20     0070          160.00          0.00 10            0192           26-10-2011 50                   160.00 10            2320           28-10-2011 10                   160.00
    343  10     0343  24-10-2011 20     1193         8495.00          0.00 11            0009           04-11-2011 50                  8495.00 11            2370           07-11-2011 10                  8495.00
    344  10     0344  25-10-2011 20     0093         1747.00          0.00 11            0010           04-11-2011 50                  1747.00 11            2443           11-11-2011 10                  1747.00
    345  10     0345  25-10-2011 20     0093          242.00          0.00 11            0011           04-11-2011 50                   242.00 11            2383           08-11-2011 10                   242.00
    346  10     0346  25-10-2011 20     0093          299.00          0.00 11            0016           04-11-2011 50                   299.00 11            2385           08-11-2011 10                   299.00
    347  10     0347  25-10-2011 20     0093          264.00          0.00 11            0017           04-11-2011 50                   264.00 11            2378           08-11-2011 10                   264.00
    348  10     0348  25-10-2011 20     0413          346.50          0.00 10            0231           27-10-2011 50                   346.50 11            2389           08-11-2011 10                   346.50
    349  10     0349  26-10-2011 20     0075          112.00          0.00 11            0018           04-11-2011 50                   112.00 11            2392           08-11-2011 10                   112.00
    350  10     0350  26-10-2011 20     0291         1584.00          0.00 11            0019           04-11-2011 50                  1584.00 11            2372           07-11-2011 10                  1584.00
    351  10     0351  27-10-2011 20     0405         1596.00          0.00 11            0145           15-11-2011 50                  1596.00 11            2488           16-11-2011 10                  1596.00
    352  10     0352  27-10-2011 20     0075         1649.00          0.00 11            0161           18-11-2011 50                  1649.00 11            2537           23-11-2011 10                  1649.00
    353  10     0353  27-10-2011 20     0980          242.20          0.00 11            0141           15-11-2011 50                   242.20 11            2489           16-11-2011 10                   242.20
    354  10     0354  27-10-2011 20     0188         2074.00          0.00 11            0139           15-11-2011 50                  2074.00 11            2487           16-11-2011 10                  2074.00
    355  10     0355  27-10-2011 20     0646         5040.00          0.00 11            0162           18-11-2011 50                  5040.00 11            2563           24-11-2011 10                  5040.00
    357  10     0356  28-10-2011 20     1193          786.00          0.00 11            0020           04-11-2011 50                   786.00 11            2390           08-11-2011 10                   786.00
    358  10     0357  28-10-2011 20     1194          300.00          0.00 10            0236           28-10-2011 50                   300.00 11            2391           08-11-2011 10                   300.00
    359  10     0358  31-10-2011 20     1193         8186.00          0.00 11            0095           09-11-2011 50                  8186.00 11            2432           11-11-2011 10                  8186.00
